xflr5 v6.62
CLARK Y AIRFOIL FLAT BOTTOM_REFINED_200p
Alpha =   5.3,  Re =    66064,  Ma= 0.0000,  ACrit= 9.0


Top Side
    x         Hk     Ue/Vinf      Cf        Cd     A/A0       D*       Theta      CTq
 0.00654   2.22951   0.10707   0.00730  0.00022  0.00000   0.00036   0.00016   0.07170
 0.00469   2.20821   0.26300   0.02060  0.00154  0.00000   0.00032   0.00014   0.07116
 0.00314   2.22000   0.43766   0.03641  0.00455  0.00000   0.00029   0.00013   0.07146
 0.00190   2.20209   0.62950   0.05778  0.01027  0.00000   0.00027   0.00012   0.07101
 0.00094   2.20556   0.84104   0.08251  0.01964  0.00000   0.00025   0.00011   0.07110
 0.00027   2.19972   1.07029   0.11291  0.03408  0.00000   0.00024   0.00011   0.07095
-0.00006   2.25251   1.27596   0.12422  0.04629  0.00000   0.00024   0.00011   0.07226
-0.00009   2.26364   1.44431   0.13272  0.05643  0.00000   0.00026   0.00011   0.07253
 0.00018   2.33679   1.56112   0.11814  0.05749  0.00000   0.00029   0.00012   0.07424
 0.00076   2.42754   1.62060   0.09384  0.05149  0.00000   0.00035   0.00014   0.07623
 0.00163   2.47994   1.64773   0.07670  0.04514  0.00000   0.00041   0.00016   0.07732
 0.00278   2.54843   1.65455   0.06039  0.03851  0.00000   0.00048   0.00019   0.07868
 0.00423   2.61258   1.64892   0.04764  0.03272  0.00000   0.00057   0.00022   0.07990
 0.00600   2.66511   1.63707   0.03835  0.02799  0.00000   0.00066   0.00025   0.08086
 0.00811   2.71142   1.62193   0.03128  0.02409  0.00000   0.00076   0.00028   0.08168
 0.01062   2.71889   1.60761   0.02746  0.02118  0.00000   0.00084   0.00031   0.08181
 0.01359   2.63729   1.60149   0.02857  0.01967  0.00000   0.00089   0.00034   0.08036
 0.01704   2.46400   1.61532   0.03576  0.02029  0.00000   0.00087   0.00035   0.07699
 0.02106   2.34723   1.64738   0.04216  0.02184  0.00000   0.00085   0.00036   0.07448
 0.02573   2.34747   1.67928   0.04142  0.02188  0.00000   0.00088   0.00037   0.07448
 0.03113   2.40719   1.70033   0.03632  0.02050  0.00000   0.00096   0.00040   0.07580
 0.03726   2.50843   1.70556   0.02898  0.01821  0.00000   0.00108   0.00043   0.07790
 0.04392   2.60358   1.70035   0.02294  0.01606  0.00000   0.00123   0.00047   0.07973
 0.05070   2.67246   1.69099   0.01890  0.01439  0.00000   0.00137   0.00051   0.08099
 0.05747   2.73615   1.67948   0.01574  0.01300  0.00000   0.00151   0.00055   0.08211
 0.06433   2.78934   1.66734   0.01337  0.01185  0.00000   0.00164   0.00059   0.08301
 0.07129   2.82636   1.65566   0.01172  0.01092  0.00000   0.00177   0.00063   0.08361
 0.07828   2.84785   1.64494   0.01062  0.01017  0.00000   0.00189   0.00066   0.08396
 0.08531   2.84555   1.63583   0.01011  0.00960  0.00000   0.00198   0.00069   0.08392
 0.09236   2.82405   1.62851   0.01002  0.00915  0.00000   0.00204   0.00072   0.08358
 0.09944   2.79890   1.62247   0.01005  0.00879  0.00000   0.00210   0.00075   0.08316
 0.10656   2.77747   1.61730   0.01004  0.00846  0.02369   0.00216   0.00078   0.07261
 0.11371   2.75243   1.61209   0.01009  0.00901  0.02865   0.00221   0.00080   0.07240
 0.12088   2.71333   1.60611   0.01034  0.00980  0.03364   0.00226   0.00083   0.07189
 0.12807   2.65979   1.59947   0.01080  0.01064  0.03840   0.00230   0.00086   0.07107
 0.13528   2.59535   1.59244   0.01143  0.01142  0.04268   0.00233   0.00090   0.06996
 0.14250   2.52459   1.58535   0.01217  0.01209  0.04636   0.00236   0.00093   0.06865
 0.14975   2.45184   1.57854   0.01297  0.01259  0.04936   0.00238   0.00097   0.06720
 0.15700   2.38225   1.57218   0.01373  0.01293  0.05171   0.00240   0.00101   0.06573
 0.16427   2.31889   1.56631   0.01441  0.01312  0.05349   0.00242   0.00105   0.06433
 0.17155   2.26325   1.56089   0.01495  0.01319  0.05480   0.00245   0.00108   0.06306
 0.17885   2.21638   1.55572   0.01533  0.01318  0.05574   0.00249   0.00112   0.06198
 0.18615   2.17831   1.55055   0.01553  0.01309  0.05642   0.00253   0.00116   0.06110
 0.19346   2.14840   1.54515   0.01555  0.01297  0.05690   0.00258   0.00120   0.06045
 0.20079   2.12573   1.53934   0.01541  0.01280  0.05726   0.00265   0.00125   0.06000
 0.20812   2.10978   1.53290   0.01512  0.01261  0.05755   0.00272   0.00129   0.05976
 0.21545   2.09877   1.52585   0.01471  0.01241  0.05779   0.00281   0.00134   0.05967
 0.22280   2.09080   1.51834   0.01426  0.01219  0.05801   0.00291   0.00139   0.05967
 0.23014   2.08469   1.51048   0.01377  0.01197  0.05820   0.00301   0.00144   0.05972
 0.23749   2.07978   1.50236   0.01329  0.01174  0.05838   0.00311   0.00150   0.05980
 0.24484   2.07561   1.49406   0.01281  0.01151  0.05854   0.00322   0.00155   0.05990
 0.25220   2.07178   1.48566   0.01235  0.01129  0.05869   0.00333   0.00161   0.05999
 0.25955   2.06780   1.47727   0.01191  0.01107  0.05883   0.00345   0.00167   0.06007
 0.26691   2.06328   1.46896   0.01151  0.01085  0.05895   0.00356   0.00173   0.06012
 0.27427   2.05795   1.46083   0.01114  0.01063  0.05906   0.00367   0.00179   0.06013
 0.28163   2.05163   1.45293   0.01082  0.01043  0.05914   0.00378   0.00184   0.06010
 0.28898   2.04410   1.44533   0.01053  0.01022  0.05920   0.00389   0.00190   0.06001
 0.29634   2.03509   1.43811   0.01029  0.01002  0.05924   0.00399   0.00196   0.05987
 0.30370   2.02421   1.43137   0.01010  0.00983  0.05924   0.00408   0.00202   0.05964
 0.31105   2.01122   1.42519   0.00996  0.00965  0.05921   0.00416   0.00207   0.05933
 0.31841   1.99714   1.41947   0.00985  0.00947  0.05915   0.00424   0.00212   0.05897
 0.32577   1.98223   1.41399   0.00977  0.00929  0.05906   0.00431   0.00217   0.05856
 0.33312   1.96740   1.40877   0.00969  0.00912  0.05895   0.00437   0.00222   0.05814
 0.34048   1.95302   1.40380   0.00962  0.00896  0.05882   0.00444   0.00227   0.05772
 0.34784   1.93919   1.39905   0.00955  0.00880  0.05867   0.00450   0.00232   0.05732
 0.35519   1.92609   1.39448   0.00948  0.00865  0.05852   0.00456   0.00237   0.05693
 0.36254   1.91393   1.39001   0.00941  0.00850  0.05835   0.00463   0.00242   0.05656
 0.36990   1.90286   1.38560   0.00932  0.00835  0.05819   0.00469   0.00247   0.05623
 0.37725   1.89291   1.38121   0.00923  0.00821  0.05802   0.00476   0.00251   0.05594
 0.38460   1.88408   1.37680   0.00912  0.00808  0.05786   0.00483   0.00256   0.05568
 0.39194   1.87638   1.37236   0.00900  0.00795  0.05770   0.00490   0.00261   0.05546
 0.39929   1.86982   1.36784   0.00887  0.00782  0.05756   0.00498   0.00266   0.05529
 0.40663   1.86445   1.36321   0.00873  0.00769  0.05742   0.00507   0.00272   0.05516
 0.41398   1.86021   1.35846   0.00858  0.00756  0.05730   0.00515   0.00277   0.05507
 0.42132   1.85688   1.35361   0.00841  0.00744  0.05719   0.00525   0.00283   0.05502
 0.42865   1.85435   1.34869   0.00824  0.00732  0.05709   0.00535   0.00288   0.05499
 0.43599   1.85249   1.34369   0.00807  0.00721  0.05700   0.00545   0.00294   0.05500
 0.44332   1.85122   1.33863   0.00789  0.00709  0.05693   0.00556   0.00300   0.05502
 0.45065   1.85045   1.33352   0.00771  0.00698  0.05686   0.00567   0.00306   0.05506
 0.45798   1.85014   1.32837   0.00753  0.00687  0.05681   0.00578   0.00312   0.05512
 0.46530   1.85021   1.32319   0.00735  0.00677  0.05676   0.00590   0.00319   0.05519
 0.47262   1.85063   1.31798   0.00718  0.00667  0.05673   0.00602   0.00325   0.05528
 0.47994   1.85133   1.31275   0.00700  0.00657  0.05670   0.00614   0.00332   0.05537
 0.48726   1.85226   1.30753   0.00683  0.00647  0.05668   0.00627   0.00338   0.05547
 0.49457   1.85339   1.30231   0.00666  0.00638  0.05667   0.00639   0.00345   0.05558
 0.50188   1.85468   1.29710   0.00649  0.00629  0.05666   0.00653   0.00352   0.05569
 0.50919   1.85609   1.29190   0.00633  0.00620  0.05666   0.00666   0.00359   0.05581
 0.51650   1.85768   1.28672   0.00617  0.00611  0.05667   0.00679   0.00366   0.05593
 0.52380   1.85955   1.28153   0.00602  0.00603  0.05668   0.00693   0.00373   0.05606
 0.53110   1.86173   1.27632   0.00586  0.00594  0.05670   0.00708   0.00380   0.05620
 0.53839   1.86423   1.27109   0.00571  0.00586  0.05673   0.00722   0.00387   0.05635
 0.54568   1.86704   1.26586   0.00556  0.00579  0.05676   0.00738   0.00395   0.05652
 0.55297   1.87019   1.26060   0.00541  0.00571  0.05680   0.00753   0.00403   0.05669
 0.56026   1.87376   1.25532   0.00526  0.00564  0.05685   0.00769   0.00411   0.05688
 0.56754   1.87783   1.24999   0.00511  0.00556  0.05690   0.00786   0.00419   0.05708
 0.57482   1.88241   1.24463   0.00496  0.00549  0.05697   0.00804   0.00427   0.05731
 0.58210   1.88749   1.23923   0.00481  0.00542  0.05704   0.00822   0.00435   0.05755
 0.58937   1.89307   1.23379   0.00467  0.00536  0.05713   0.00840   0.00444   0.05781
 0.59664   1.89919   1.22833   0.00452  0.00529  0.05722   0.00860   0.00453   0.05808
 0.60390   1.90588   1.22283   0.00437  0.00523  0.05731   0.00880   0.00462   0.05837
 0.61117   1.91318   1.21730   0.00423  0.00517  0.05742   0.00902   0.00471   0.05868
 0.61843   1.92108   1.21173   0.00408  0.00511  0.05754   0.00924   0.00481   0.05902
 0.62568   1.92958   1.20615   0.00394  0.00505  0.05767   0.00947   0.00491   0.05936
 0.63292   1.93861   1.20057   0.00380  0.00499  0.05780   0.00971   0.00501   0.05973
 0.64015   1.94725   1.19485   0.00367  0.00494  0.05795   0.00995   0.00511   0.06006
 0.64741   1.95559   1.18897   0.00353  0.00489  0.05811   0.01021   0.00522   0.06038
 0.65471   1.96449   1.18307   0.00340  0.00483  0.05828   0.01048   0.00533   0.06071
 0.66199   1.97397   1.17719   0.00327  0.00478  0.05845   0.01076   0.00545   0.06106
 0.66913   1.98391   1.17142   0.00315  0.00474  0.05863   0.01104   0.00557   0.06141
 0.67612   1.99425   1.16578   0.00303  0.00469  0.05881   0.01133   0.00568   0.06178
 0.68324   2.00535   1.16007   0.00291  0.00465  0.05899   0.01164   0.00580   0.06216
 0.69111   2.01830   1.15377   0.00278  0.00460  0.05921   0.01199   0.00594   0.06261
 0.70089   2.03538   1.14601   0.00263  0.00455  0.05948   0.01244   0.00611   0.06318
 0.71354   2.05932   1.13607   0.00243  0.00449  0.05985   0.01307   0.00635   0.06395
 0.72782   2.08940   1.12495   0.00222  0.00442  0.06030   0.01383   0.00662   0.06490
 0.74304   2.12538   1.11325   0.00201  0.00437  0.06080   0.01472   0.00692   0.06599
 0.75894   2.16752   1.10127   0.00181  0.00432  0.06135   0.01572   0.00725   0.06721
 0.77505   2.21610   1.08938   0.00161  0.00428  0.06195   0.01685   0.00760   0.06855
 0.79126   2.27114   1.07777   0.00141  0.00426  0.06258   0.01810   0.00797   0.07000
 0.80751   2.33312   1.06655   0.00123  0.00424  0.06324   0.01947   0.00835   0.07154
 0.82376   2.40271   1.05580   0.00106  0.00425  0.06393   0.02098   0.00873   0.07318
 0.84002   2.48007   1.04563   0.00089  0.00426  0.06465   0.02262   0.00912   0.07489
 0.85626   2.56601   1.03609   0.00075  0.00429  0.06538   0.02442   0.00951   0.07667
 0.87251   2.66083   1.02724   0.00061  0.00433  0.06614   0.02635   0.00990   0.07852
 0.88873   2.76489   1.01913   0.00049  0.00438  0.06690   0.02844   0.01029   0.08041
 0.90493   2.87846   1.01180   0.00038  0.00445  0.06768   0.03067   0.01065   0.08235
 0.92105   3.00149   1.00526   0.00030  0.00452  0.06846   0.03303   0.01100   0.08430
 0.93702   3.13371   0.99953   0.00022  0.00461  0.06925   0.03550   0.01133   0.08625
 0.95270   3.27425   0.99462   0.00015  0.00471  0.07002   0.03806   0.01162   0.08820
 0.96771   3.41748   0.99055   0.00010  0.00481  0.07077   0.04061   0.01188   0.09005
 0.98133   3.55421   0.98742   0.00006  0.00491  0.07146   0.04298   0.01209   0.09173
 0.99291   3.67689   0.98542   0.00003  0.00500  0.07202   0.04497   0.01223   0.09320
 0.99935   3.74259   0.98443   0.00002  0.00505  0.07234   0.04604   0.01230   0.09396
 0.99943   3.60799   0.98443   0.00000  0.00759  0.06312   0.05175   0.01434   0.09222
 1.00605   3.52671   0.98255   0.00000  0.00766  0.06359   0.05113   0.01450   0.09224
 1.01349   3.42268   0.98006   0.00000  0.00765  0.06413   0.05031   0.01470   0.09095
 1.02183   3.31327   0.97761   0.00000  0.00763  0.06467   0.04936   0.01490   0.08956
 1.03116   3.19562   0.97502   0.00000  0.00760  0.06523   0.04828   0.01511   0.08799
 1.04163   3.07068   0.97231   0.00000  0.00755  0.06580   0.04706   0.01533   0.08622
 1.05335   2.93954   0.96955   0.00000  0.00748  0.06635   0.04569   0.01554   0.08423
 1.06648   2.80355   0.96681   0.00000  0.00738  0.06687   0.04418   0.01576   0.08202
 1.08119   2.66432   0.96419   0.00000  0.00725  0.06733   0.04253   0.01596   0.07956
 1.09767   2.52368   0.96181   0.00000  0.00708  0.06771   0.04075   0.01615   0.07685
 1.11613   2.38363   0.95981   0.00000  0.00687  0.06797   0.03885   0.01630   0.07387
 1.13680   2.24626   0.95831   0.00000  0.00661  0.06807   0.03686   0.01641   0.07062
 1.15996   2.11359   0.95745   0.00000  0.00631  0.06799   0.03481   0.01647   0.06711
 1.18589   1.98747   0.95733   0.00000  0.00595  0.06769   0.03275   0.01648   0.06336
 1.21493   1.86945   0.95798   0.00000  0.00555  0.06716   0.03072   0.01643   0.05941
 1.24746   1.76063   0.95937   0.00000  0.00512  0.06638   0.02877   0.01634   0.05530
 1.28389   1.66166   0.96141   0.00000  0.00465  0.06536   0.02694   0.01621   0.05108
 1.32468   1.57269   0.96395   0.00000  0.00417  0.06411   0.02526   0.01606   0.04683
 1.37037   1.49348   0.96681   0.00000  0.00368  0.06268   0.02374   0.01589   0.04260
 1.42152   1.42348   0.96983   0.00000  0.00321  0.06109   0.02238   0.01572   0.03845
 1.47880   1.36198   0.97285   0.00000  0.00275  0.05939   0.02119   0.01556   0.03443
 1.54294   1.30821   0.97577   0.00000  0.00233  0.05762   0.02015   0.01540   0.03059
 1.61475   1.26137   0.97852   0.00000  0.00195  0.05581   0.01925   0.01526   0.02696
 1.69515   1.22071   0.98105   0.00000  0.00161  0.05399   0.01847   0.01513   0.02357
 1.78518   1.18558   0.98334   0.00000  0.00132  0.05212   0.01781   0.01502   0.02045
 1.88597   1.15544   0.98538   0.00000  0.00106  0.05015   0.01724   0.01492   0.01760


Bottom Side
    x         Hk     Ue/Vinf      Cf        Cd     A/A0       D*       Theta      CTq
 0.00872   2.22951   0.03692   0.00252  0.00003  0.00000   0.00036   0.00016   0.07170
 0.01129   2.24393   0.17105   0.01016  0.00050  0.00000   0.00040   0.00018   0.07205
 0.01432   2.25001   0.28650   0.01525  0.00127  0.00000   0.00045   0.00020   0.07220
 0.01793   2.28707   0.38025   0.01680  0.00191  0.00000   0.00052   0.00023   0.07309
 0.02223   2.31093   0.45056   0.01643  0.00226  0.00000   0.00062   0.00027   0.07365
 0.02747   2.35060   0.50150   0.01457  0.00230  0.00000   0.00074   0.00032   0.07455
 0.03387   2.29772   0.55210   0.01540  0.00257  0.00000   0.00082   0.00035   0.07334
 0.04153   2.27883   0.61066   0.01631  0.00297  0.00000   0.00087   0.00038   0.07290
 0.05060   2.32905   0.66199   0.01496  0.00307  0.00000   0.00098   0.00042   0.07407
 0.06133   2.37833   0.69869   0.01295  0.00293  0.00000   0.00114   0.00048   0.07517
 0.07390   2.41654   0.72353   0.01106  0.00268  0.00000   0.00133   0.00055   0.07600
 0.08813   2.39456   0.74616   0.01054  0.00258  0.00000   0.00147   0.00061   0.07553
 0.10319   2.37135   0.76935   0.01035  0.00256  0.00000   0.00158   0.00066   0.07502
 0.11871   2.38606   0.78872   0.00963  0.00247  0.00000   0.00171   0.00072   0.07534
 0.13457   2.39870   0.80430   0.00899  0.00238  0.00000   0.00185   0.00077   0.07561
 0.15063   2.41096   0.81685   0.00840  0.00229  0.00000   0.00198   0.00082   0.07588
 0.16686   2.42406   0.82688   0.00785  0.00219  0.00000   0.00212   0.00087   0.07616
 0.18323   2.43725   0.83486   0.00734  0.00210  0.00000   0.00226   0.00093   0.07644
 0.19974   2.44895   0.84129   0.00689  0.00201  0.00000   0.00239   0.00098   0.07668
 0.21636   2.45918   0.84653   0.00650  0.00192  0.00000   0.00253   0.00103   0.07689
 0.23309   2.46855   0.85083   0.00615  0.00185  0.00000   0.00266   0.00108   0.07709
 0.24993   2.47704   0.85438   0.00583  0.00177  0.00000   0.00279   0.00113   0.07726
 0.26686   2.48287   0.85744   0.00557  0.00171  0.00000   0.00291   0.00117   0.07738
 0.28387   2.48568   0.86024   0.00536  0.00166  0.00000   0.00303   0.00122   0.07744
 0.30091   2.48492   0.86294   0.00520  0.00161  0.00000   0.00313   0.00126   0.07742
 0.31798   2.47787   0.86586   0.00511  0.00158  0.00000   0.00322   0.00130   0.07728
 0.33506   2.46848   0.86900   0.00506  0.00155  0.00000   0.00330   0.00134   0.07709
 0.35216   2.45988   0.87226   0.00501  0.00153  0.00000   0.00337   0.00137   0.07691
 0.36927   2.45265   0.87555   0.00496  0.00151  0.00000   0.00344   0.00140   0.07676
 0.38639   2.44723   0.87882   0.00491  0.00149  0.00000   0.00351   0.00144   0.07665
 0.40351   2.44384   0.88199   0.00485  0.00147  0.00000   0.00358   0.00147   0.07658
 0.42064   2.44185   0.88505   0.00478  0.00145  0.00000   0.00365   0.00150   0.07653
 0.43776   2.44076   0.88800   0.00471  0.00144  0.00000   0.00372   0.00153   0.07651
 0.45489   2.44008   0.89084   0.00465  0.00142  0.00000   0.00379   0.00155   0.07650
 0.47201   2.43941   0.89359   0.00458  0.00140  0.00000   0.00386   0.00158   0.07648
 0.48914   2.43891   0.89625   0.00452  0.00139  0.00000   0.00393   0.00161   0.07647
 0.50627   2.43838   0.89884   0.00446  0.00137  0.00000   0.00399   0.00164   0.07646
 0.52340   2.43732   0.90140   0.00441  0.00136  0.00000   0.00405   0.00166   0.07644
 0.54052   2.43582   0.90392   0.00437  0.00135  0.00000   0.00411   0.00169   0.07641
 0.55765   2.43457   0.90639   0.00432  0.00134  0.00000   0.00417   0.00171   0.07638
 0.57478   2.43327   0.90881   0.00428  0.00132  0.00000   0.00423   0.00174   0.07635
 0.59191   2.43208   0.91120   0.00424  0.00131  0.00000   0.00428   0.00176   0.07633
 0.60904   2.43055   0.91356   0.00421  0.00131  0.00000   0.00434   0.00178   0.07630
 0.62617   2.42892   0.91590   0.00417  0.00130  0.00000   0.00439   0.00181   0.07626
 0.64330   2.42754   0.91820   0.00414  0.00129  0.00000   0.00444   0.00183   0.07623
 0.66042   2.42618   0.92048   0.00411  0.00128  0.00000   0.00449   0.00185   0.07620
 0.67755   2.42474   0.92273   0.00408  0.00127  0.00000   0.00454   0.00187   0.07617
 0.69466   2.42228   0.92501   0.00406  0.00127  0.00000   0.00458   0.00189   0.07612
 0.71178   2.42037   0.92726   0.00404  0.00126  0.00000   0.00463   0.00191   0.07608
 0.72890   2.41808   0.92952   0.00403  0.00126  0.00000   0.00467   0.00193   0.07603
 0.74601   2.41553   0.93180   0.00401  0.00125  0.00000   0.00471   0.00195   0.07598
 0.76313   2.41288   0.93408   0.00400  0.00125  0.00000   0.00475   0.00197   0.07592
 0.78024   2.40920   0.93642   0.00399  0.00124  0.00000   0.00478   0.00199   0.07584
 0.79736   2.40605   0.93876   0.00399  0.00124  0.00000   0.00482   0.00200   0.07577
 0.81447   2.40181   0.94118   0.00399  0.00124  0.00000   0.00485   0.00202   0.07568
 0.83159   2.39748   0.94364   0.00400  0.00124  0.00000   0.00488   0.00203   0.07559
 0.84870   2.39200   0.94621   0.00401  0.00124  0.00000   0.00490   0.00205   0.07547
 0.86581   2.38561   0.94889   0.00403  0.00125  0.00000   0.00492   0.00206   0.07533
 0.88291   2.37867   0.95169   0.00406  0.00125  0.00000   0.00493   0.00207   0.07518
 0.89999   2.36981   0.95469   0.00411  0.00126  0.00000   0.00493   0.00208   0.07498
 0.91702   2.35975   0.95789   0.00416  0.00127  0.00000   0.00493   0.00209   0.07476
 0.93390   2.34657   0.96144   0.00425  0.00128  0.00000   0.00492   0.00209   0.07446
 0.95047   2.33095   0.96533   0.00435  0.00130  0.00000   0.00489   0.00210   0.07411
 0.96628   2.31173   0.96963   0.00450  0.00133  0.00000   0.00484   0.00209   0.07367
 0.98056   2.28764   0.97435   0.00469  0.00137  0.00000   0.00477   0.00208   0.07310
 0.99262   2.26133   0.97920   0.00492  0.00142  0.00000   0.00468   0.00207   0.07248
 0.99930   2.21896   0.98443   0.00531  0.00148  0.00760   0.00453   0.00204   0.06326
 0.99943   3.60799   0.98443   0.00000  0.00759  0.06312   0.05175   0.01434   0.09222
 1.00605   3.52671   0.98255   0.00000  0.00766  0.06359   0.05113   0.01450   0.09224
 1.01349   3.42268   0.98006   0.00000  0.00765  0.06413   0.05031   0.01470   0.09095
 1.02183   3.31327   0.97761   0.00000  0.00763  0.06467   0.04936   0.01490   0.08956
 1.03116   3.19562   0.97502   0.00000  0.00760  0.06523   0.04828   0.01511   0.08799
 1.04163   3.07068   0.97231   0.00000  0.00755  0.06580   0.04706   0.01533   0.08622
 1.05335   2.93954   0.96955   0.00000  0.00748  0.06635   0.04569   0.01554   0.08423
 1.06648   2.80355   0.96681   0.00000  0.00738  0.06687   0.04418   0.01576   0.08202
 1.08119   2.66432   0.96419   0.00000  0.00725  0.06733   0.04253   0.01596   0.07956
 1.09767   2.52368   0.96181   0.00000  0.00708  0.06771   0.04075   0.01615   0.07685
 1.11613   2.38363   0.95981   0.00000  0.00687  0.06797   0.03885   0.01630   0.07387
 1.13680   2.24626   0.95831   0.00000  0.00661  0.06807   0.03686   0.01641   0.07062
 1.15996   2.11359   0.95745   0.00000  0.00631  0.06799   0.03481   0.01647   0.06711
 1.18589   1.98747   0.95733   0.00000  0.00595  0.06769   0.03275   0.01648   0.06336
 1.21493   1.86945   0.95798   0.00000  0.00555  0.06716   0.03072   0.01643   0.05941
 1.24746   1.76063   0.95937   0.00000  0.00512  0.06638   0.02877   0.01634   0.05530
 1.28389   1.66166   0.96141   0.00000  0.00465  0.06536   0.02694   0.01621   0.05108
 1.32468   1.57269   0.96395   0.00000  0.00417  0.06411   0.02526   0.01606   0.04683
 1.37037   1.49348   0.96681   0.00000  0.00368  0.06268   0.02374   0.01589   0.04260
 1.42152   1.42348   0.96983   0.00000  0.00321  0.06109   0.02238   0.01572   0.03845
 1.47880   1.36198   0.97285   0.00000  0.00275  0.05939   0.02119   0.01556   0.03443
 1.54294   1.30821   0.97577   0.00000  0.00233  0.05762   0.02015   0.01540   0.03059
 1.61475   1.26137   0.97852   0.00000  0.00195  0.05581   0.01925   0.01526   0.02696
 1.69515   1.22071   0.98105   0.00000  0.00161  0.05399   0.01847   0.01513   0.02357
 1.78518   1.18558   0.98334   0.00000  0.00132  0.05212   0.01781   0.01502   0.02045
 1.88597   1.15544   0.98538   0.00000  0.00106  0.05015   0.01724   0.01492   0.01760
