xflr5 v6.62
CLARK Y AIRFOIL FLAT BOTTOM_REFINED_200p
Alpha =   3.8,  Re =    66064,  Ma= 0.0000,  ACrit= 9.0


Top Side
    x         Hk     Ue/Vinf      Cf        Cd     A/A0       D*       Theta      CTq
 0.00469   2.22951   0.04712   0.00335  0.00005  0.00000   0.00034   0.00015   0.07170
 0.00314   2.21561   0.20606   0.01704  0.00100  0.00000   0.00030   0.00013   0.07135
 0.00190   2.22329   0.38541   0.03375  0.00372  0.00000   0.00028   0.00013   0.07154
 0.00094   2.20610   0.58163   0.05585  0.00920  0.00000   0.00026   0.00012   0.07111
 0.00027   2.20836   0.79810   0.08185  0.01852  0.00000   0.00024   0.00011   0.07117
-0.00006   2.24653   0.99856   0.09674  0.02809  0.00000   0.00025   0.00011   0.07212
-0.00009   2.25270   1.17026   0.10846  0.03707  0.00000   0.00026   0.00011   0.07227
 0.00018   2.31468   1.29793   0.10137  0.04027  0.00000   0.00029   0.00012   0.07374
 0.00076   2.38593   1.37390   0.08503  0.03802  0.00000   0.00034   0.00014   0.07534
 0.00163   2.42123   1.41906   0.07295  0.03483  0.00000   0.00039   0.00016   0.07610
 0.00278   2.47333   1.44341   0.06010  0.03077  0.00000   0.00046   0.00019   0.07719
 0.00423   2.52001   1.45370   0.04955  0.02688  0.00000   0.00053   0.00021   0.07813
 0.00600   2.55656   1.45613   0.04153  0.02353  0.00000   0.00061   0.00024   0.07884
 0.00811   2.59008   1.45366   0.03503  0.02063  0.00000   0.00070   0.00027   0.07948
 0.01062   2.59314   1.45081   0.03129  0.01846  0.00000   0.00078   0.00030   0.07954
 0.01359   2.52428   1.45589   0.03210  0.01752  0.00000   0.00082   0.00033   0.07821
 0.01704   2.38327   1.48132   0.03856  0.01855  0.00000   0.00080   0.00034   0.07528
 0.02106   2.30130   1.52379   0.04369  0.02016  0.00000   0.00079   0.00034   0.07342
 0.02573   2.32209   1.56411   0.04198  0.02022  0.00000   0.00083   0.00036   0.07391
 0.03113   2.38419   1.59239   0.03685  0.01907  0.00000   0.00090   0.00038   0.07530
 0.03726   2.47448   1.60436   0.03000  0.01709  0.00000   0.00102   0.00041   0.07721
 0.04392   2.55181   1.60527   0.02450  0.01522  0.00000   0.00115   0.00045   0.07875
 0.05070   2.60297   1.60130   0.02085  0.01374  0.00000   0.00127   0.00049   0.07972
 0.05747   2.65108   1.59439   0.01788  0.01248  0.00000   0.00140   0.00053   0.08061
 0.06433   2.69094   1.58620   0.01560  0.01142  0.00000   0.00152   0.00056   0.08132
 0.07129   2.71775   1.57796   0.01397  0.01056  0.00000   0.00163   0.00060   0.08179
 0.07828   2.73294   1.57026   0.01283  0.00986  0.00000   0.00173   0.00063   0.08205
 0.08531   2.72897   1.56393   0.01226  0.00933  0.00000   0.00182   0.00067   0.08198
 0.09236   2.71047   1.55917   0.01208  0.00893  0.00000   0.00188   0.00069   0.08166
 0.09944   2.69231   1.55539   0.01196  0.00860  0.00000   0.00194   0.00072   0.08135
 0.10656   2.68162   1.55201   0.01172  0.00829  0.00000   0.00200   0.00075   0.08116
 0.11371   2.67868   1.54870   0.01137  0.00799  0.00000   0.00207   0.00077   0.08110
 0.12088   2.68047   1.54539   0.01095  0.00770  0.00000   0.00213   0.00080   0.08114
 0.12807   2.68491   1.54208   0.01053  0.00743  0.00000   0.00220   0.00082   0.08121
 0.13528   2.69065   1.53877   0.01011  0.00718  0.00000   0.00227   0.00085   0.08132
 0.14250   2.69646   1.53550   0.00972  0.00694  0.00000   0.00234   0.00087   0.08142
 0.14975   2.70113   1.53235   0.00937  0.00672  0.00000   0.00241   0.00089   0.08150
 0.15700   2.70585   1.52926   0.00905  0.00652  0.00000   0.00248   0.00092   0.08158
 0.16427   2.71147   1.52618   0.00873  0.00633  0.00000   0.00254   0.00094   0.08168
 0.17155   2.71880   1.52306   0.00841  0.00614  0.00000   0.00261   0.00096   0.08181
 0.17885   2.72968   1.51978   0.00805  0.00596  0.00000   0.00269   0.00098   0.08200
 0.18615   2.74570   1.51623   0.00764  0.00578  0.00030   0.00277   0.00101   0.08227
 0.19346   2.76806   1.51233   0.00717  0.00559  0.00595   0.00286   0.00103   0.08265
 0.20079   2.79762   1.50804   0.00665  0.00540  0.02339   0.00296   0.00106   0.08314
 0.20812   2.83578   1.50331   0.00606  0.00520  0.05585   0.00307   0.00108   0.08377
 0.21545   2.88138   1.49822   0.00544  0.00501  0.09891   0.00320   0.00111   0.08449
 0.22280   2.93230   1.49292   0.00482  0.00482  0.14810   0.00334   0.00114   0.08528
 0.23014   2.98694   1.48751   0.00423  0.00464  0.20304   0.00349   0.00117   0.08610
 0.23749   3.04408   1.48208   0.00368  0.00448  0.26396   0.00364   0.00120   0.08693
 0.24484   3.10252   1.47670   0.00318  0.00433  0.33086   0.00380   0.00122   0.08776
 0.25220   3.16078   1.47142   0.00273  0.00419  0.40352   0.00396   0.00125   0.08856
 0.25955   3.21685   1.46630   0.00235  0.00406  0.48148   0.00411   0.00128   0.08930
 0.26691   3.26853   1.46137   0.00202  0.00395  0.56406   0.00427   0.00131   0.08997
 0.27427   3.31358   1.45665   0.00176  0.00384  0.65036   0.00441   0.00133   0.09054
 0.28163   3.34976   1.45215   0.00156  0.00374  0.73937   0.00454   0.00136   0.09098
 0.28898   3.37440   1.44788   0.00142  0.00365  0.82991   0.00466   0.00138   0.09128
 0.29634   3.38418   1.44386   0.00136  0.00357  0.92063   0.00475   0.00140   0.09140
 0.30370   3.36943   1.43968   0.00139  0.00725  0.03886   0.00481   0.00143   0.08594
 0.31105   3.28163   1.43149   0.00169  0.00787  0.04285   0.00484   0.00148   0.08488
 0.31841   3.17420   1.42309   0.00211  0.00844  0.04656   0.00484   0.00152   0.08347
 0.32577   3.05583   1.41463   0.00260  0.00893  0.04988   0.00482   0.00158   0.08180
 0.33312   2.93344   1.40626   0.00317  0.00931  0.05276   0.00478   0.00163   0.07994
 0.34048   2.81211   1.39816   0.00378  0.00957  0.05516   0.00473   0.00168   0.07795
 0.34784   2.69566   1.39049   0.00441  0.00971  0.05711   0.00468   0.00173   0.07588
 0.35519   2.58694   1.38333   0.00505  0.00975  0.05862   0.00462   0.00179   0.07379
 0.36254   2.48779   1.37673   0.00567  0.00971  0.05974   0.00457   0.00184   0.07173
 0.36990   2.39906   1.37068   0.00625  0.00961  0.06053   0.00452   0.00188   0.06976
 0.37725   2.32071   1.36513   0.00678  0.00947  0.06105   0.00448   0.00193   0.06790
 0.38460   2.25227   1.36002   0.00725  0.00931  0.06135   0.00445   0.00198   0.06618
 0.39194   2.19302   1.35526   0.00765  0.00913  0.06148   0.00443   0.00202   0.06461
 0.39929   2.14214   1.35076   0.00799  0.00894  0.06147   0.00442   0.00206   0.06321
 0.40663   2.09882   1.34642   0.00825  0.00875  0.06138   0.00442   0.00211   0.06198
 0.41398   2.06210   1.34217   0.00845  0.00857  0.06122   0.00444   0.00215   0.06091
 0.42132   2.03092   1.33796   0.00858  0.00838  0.06102   0.00446   0.00220   0.05998
 0.42865   2.00439   1.33379   0.00867  0.00821  0.06079   0.00450   0.00224   0.05918
 0.43599   1.98158   1.32959   0.00872  0.00804  0.06055   0.00454   0.00229   0.05849
 0.44332   1.96165   1.32531   0.00873  0.00787  0.06031   0.00459   0.00234   0.05788
 0.45065   1.94456   1.32102   0.00871  0.00772  0.06006   0.00464   0.00239   0.05735
 0.45798   1.92989   1.31672   0.00867  0.00756  0.05981   0.00470   0.00244   0.05691
 0.46530   1.91727   1.31239   0.00860  0.00742  0.05957   0.00477   0.00249   0.05653
 0.47262   1.90640   1.30803   0.00851  0.00727  0.05934   0.00484   0.00254   0.05621
 0.47994   1.89697   1.30366   0.00842  0.00714  0.05912   0.00491   0.00259   0.05594
 0.48726   1.88876   1.29928   0.00831  0.00701  0.05891   0.00499   0.00264   0.05572
 0.49457   1.88155   1.29490   0.00819  0.00688  0.05871   0.00507   0.00269   0.05552
 0.50188   1.87519   1.29052   0.00806  0.00676  0.05853   0.00515   0.00275   0.05536
 0.50919   1.86952   1.28615   0.00794  0.00664  0.05835   0.00524   0.00280   0.05522
 0.51650   1.86451   1.28178   0.00781  0.00653  0.05818   0.00533   0.00286   0.05510
 0.52380   1.86019   1.27740   0.00767  0.00642  0.05802   0.00542   0.00291   0.05501
 0.53110   1.85655   1.27299   0.00754  0.00631  0.05788   0.00551   0.00297   0.05494
 0.53839   1.85351   1.26855   0.00740  0.00621  0.05775   0.00561   0.00303   0.05490
 0.54568   1.85100   1.26408   0.00725  0.00611  0.05763   0.00571   0.00308   0.05487
 0.55297   1.84900   1.25959   0.00711  0.00601  0.05752   0.00581   0.00314   0.05487
 0.56026   1.84757   1.25505   0.00696  0.00592  0.05742   0.00592   0.00320   0.05488
 0.56754   1.84674   1.25045   0.00681  0.00583  0.05733   0.00603   0.00327   0.05492
 0.57482   1.84650   1.24579   0.00666  0.00574  0.05726   0.00615   0.00333   0.05497
 0.58210   1.84679   1.24107   0.00651  0.00565  0.05719   0.00627   0.00339   0.05505
 0.58937   1.84759   1.23630   0.00635  0.00556  0.05714   0.00639   0.00346   0.05515
 0.59664   1.84890   1.23148   0.00619  0.00548  0.05710   0.00652   0.00353   0.05527
 0.60390   1.85075   1.22659   0.00604  0.00540  0.05708   0.00666   0.00360   0.05540
 0.61117   1.85315   1.22163   0.00588  0.00532  0.05706   0.00680   0.00367   0.05556
 0.61843   1.85609   1.21661   0.00572  0.00524  0.05706   0.00694   0.00374   0.05574
 0.62568   1.85956   1.21154   0.00556  0.00517  0.05707   0.00710   0.00382   0.05594
 0.63292   1.86351   1.20642   0.00540  0.00510  0.05709   0.00725   0.00389   0.05615
 0.64015   1.86789   1.20128   0.00524  0.00503  0.05712   0.00742   0.00397   0.05638
 0.64741   1.87264   1.19609   0.00508  0.00496  0.05715   0.00759   0.00405   0.05662
 0.65471   1.87781   1.19085   0.00493  0.00489  0.05720   0.00776   0.00413   0.05687
 0.66199   1.88343   1.18558   0.00478  0.00482  0.05726   0.00795   0.00422   0.05714
 0.66913   1.88942   1.18039   0.00463  0.00476  0.05733   0.00813   0.00430   0.05742
 0.67612   1.89570   1.17529   0.00448  0.00470  0.05740   0.00832   0.00439   0.05770
 0.68324   1.90245   1.17008   0.00434  0.00464  0.05749   0.00852   0.00448   0.05800
 0.69111   1.91033   1.16433   0.00418  0.00458  0.05759   0.00874   0.00458   0.05835
 0.70089   1.92068   1.15719   0.00399  0.00451  0.05773   0.00903   0.00470   0.05879
 0.71354   1.93510   1.14797   0.00375  0.00442  0.05793   0.00943   0.00487   0.05939
 0.72782   1.95330   1.13754   0.00349  0.00432  0.05819   0.00991   0.00507   0.06012
 0.74304   1.97511   1.12642   0.00322  0.00423  0.05851   0.01046   0.00529   0.06096
 0.75894   1.99830   1.11451   0.00295  0.00414  0.05888   0.01108   0.00554   0.06181
 0.77505   2.02392   1.10213   0.00270  0.00405  0.05932   0.01177   0.00582   0.06270
 0.79126   2.05379   1.08970   0.00244  0.00398  0.05979   0.01255   0.00611   0.06369
 0.80751   2.08861   1.07727   0.00220  0.00391  0.06031   0.01340   0.00642   0.06480
 0.82376   2.12918   1.06491   0.00196  0.00385  0.06087   0.01436   0.00674   0.06603
 0.84002   2.17575   1.05273   0.00173  0.00381  0.06146   0.01542   0.00709   0.06738
 0.85626   2.22934   1.04078   0.00152  0.00377  0.06210   0.01661   0.00745   0.06885
 0.87251   2.29039   1.02918   0.00132  0.00375  0.06278   0.01792   0.00782   0.07043
 0.88873   2.35956   1.01803   0.00113  0.00375  0.06349   0.01938   0.00821   0.07213
 0.90493   2.43741   1.00744   0.00095  0.00375  0.06423   0.02098   0.00861   0.07392
 0.92105   2.52435   0.99750   0.00079  0.00377  0.06499   0.02273   0.00901   0.07579
 0.93702   2.62077   0.98833   0.00065  0.00381  0.06577   0.02464   0.00940   0.07772
 0.95270   2.72663   0.98003   0.00052  0.00385  0.06655   0.02668   0.00978   0.07970
 0.96771   2.83785   0.97280   0.00042  0.00390  0.06731   0.02878   0.01014   0.08164
 0.98133   2.94650   0.96689   0.00033  0.00396  0.06801   0.03079   0.01045   0.08341
 0.99291   3.04201   0.96237   0.00027  0.00402  0.06861   0.03255   0.01070   0.08488
 0.99935   3.09384   0.96007   0.00024  0.00405  0.06894   0.03351   0.01083   0.08564
 0.99943   3.05812   0.96007   0.00000  0.00582  0.05884   0.04013   0.01312   0.08477
 1.00605   2.97085   0.95787   0.00000  0.00586  0.05928   0.03943   0.01327   0.08480
 1.01349   2.88369   0.95658   0.00000  0.00584  0.05968   0.03853   0.01336   0.08344
 1.02182   2.79085   0.95530   0.00000  0.00581  0.06008   0.03753   0.01345   0.08191
 1.03116   2.69299   0.95407   0.00000  0.00577  0.06048   0.03644   0.01353   0.08020
 1.04162   2.59098   0.95295   0.00000  0.00571  0.06086   0.03525   0.01360   0.07830
 1.05333   2.48575   0.95200   0.00000  0.00563  0.06120   0.03397   0.01367   0.07620
 1.06646   2.37842   0.95130   0.00000  0.00553  0.06149   0.03261   0.01371   0.07389
 1.08116   2.27020   0.95091   0.00000  0.00540  0.06170   0.03118   0.01374   0.07135
 1.09763   2.16244   0.95092   0.00000  0.00524  0.06182   0.02970   0.01373   0.06860
 1.11608   2.05650   0.95140   0.00000  0.00506  0.06181   0.02819   0.01371   0.06562
 1.13675   1.95371   0.95239   0.00000  0.00483  0.06165   0.02667   0.01365   0.06243
 1.15989   1.85531   0.95389   0.00000  0.00458  0.06134   0.02517   0.01357   0.05905
 1.18581   1.76229   0.95590   0.00000  0.00429  0.06084   0.02372   0.01346   0.05550
 1.21484   1.67544   0.95834   0.00000  0.00397  0.06016   0.02233   0.01333   0.05183
 1.24736   1.59522   0.96111   0.00000  0.00363  0.05929   0.02104   0.01319   0.04808
 1.28377   1.52184   0.96410   0.00000  0.00328  0.05825   0.01985   0.01305   0.04428
 1.32455   1.45527   0.96719   0.00000  0.00292  0.05706   0.01877   0.01290   0.04049
 1.37022   1.39533   0.97029   0.00000  0.00256  0.05573   0.01781   0.01276   0.03676
 1.42136   1.34167   0.97330   0.00000  0.00222  0.05430   0.01694   0.01263   0.03311
 1.47863   1.29393   0.97617   0.00000  0.00190  0.05279   0.01618   0.01251   0.02960
 1.54276   1.25166   0.97885   0.00000  0.00161  0.05123   0.01551   0.01239   0.02625
 1.61457   1.21443   0.98132   0.00000  0.00134  0.04964   0.01493   0.01229   0.02309
 1.69498   1.18184   0.98358   0.00000  0.00110  0.04798   0.01442   0.01220   0.02015
 1.78501   1.15355   0.98560   0.00000  0.00089  0.04621   0.01399   0.01212   0.01746
 1.88582   1.12923   0.98740   0.00000  0.00071  0.04434   0.01361   0.01205   0.01503


Bottom Side
    x         Hk     Ue/Vinf      Cf        Cd     A/A0       D*       Theta      CTq
 0.00654   2.22951   0.09697   0.00690  0.00019  0.00000   0.00034   0.00015   0.07170
 0.00872   2.25412   0.23053   0.01427  0.00096  0.00000   0.00038   0.00017   0.07230
 0.01129   2.23698   0.35166   0.02075  0.00211  0.00000   0.00041   0.00018   0.07188
 0.01432   2.28943   0.45436   0.02234  0.00305  0.00000   0.00047   0.00020   0.07315
 0.01793   2.30907   0.53106   0.02196  0.00355  0.00000   0.00054   0.00024   0.07361
 0.02223   2.35476   0.58561   0.01932  0.00358  0.00000   0.00065   0.00028   0.07465
 0.02747   2.39886   0.62113   0.01615  0.00331  0.00000   0.00079   0.00033   0.07562
 0.03387   2.33268   0.65913   0.01673  0.00343  0.00000   0.00087   0.00037   0.07415
 0.04153   2.29354   0.70780   0.01770  0.00377  0.00000   0.00091   0.00040   0.07324
 0.05060   2.34612   0.75055   0.01587  0.00374  0.00000   0.00103   0.00044   0.07445
 0.06133   2.40856   0.77881   0.01329  0.00344  0.00000   0.00120   0.00050   0.07583
 0.07390   2.45641   0.79557   0.01104  0.00306  0.00000   0.00140   0.00057   0.07684
 0.08813   2.43356   0.81113   0.01042  0.00288  0.00000   0.00155   0.00064   0.07636
 0.10319   2.40302   0.82848   0.01025  0.00281  0.00000   0.00166   0.00069   0.07571
 0.11871   2.41400   0.84311   0.00951  0.00268  0.00000   0.00180   0.00075   0.07594
 0.13457   2.42678   0.85474   0.00883  0.00255  0.00000   0.00194   0.00080   0.07622
 0.15063   2.44024   0.86385   0.00820  0.00243  0.00000   0.00208   0.00085   0.07650
 0.16686   2.45487   0.87084   0.00762  0.00231  0.00000   0.00223   0.00091   0.07681
 0.18323   2.46975   0.87612   0.00708  0.00219  0.00000   0.00237   0.00096   0.07711
 0.19974   2.48314   0.88011   0.00661  0.00208  0.00000   0.00252   0.00101   0.07739
 0.21636   2.49495   0.88314   0.00620  0.00199  0.00000   0.00266   0.00107   0.07763
 0.23309   2.50575   0.88543   0.00583  0.00190  0.00000   0.00280   0.00112   0.07784
 0.24993   2.51549   0.88715   0.00551  0.00182  0.00000   0.00294   0.00117   0.07804
 0.26686   2.52233   0.88852   0.00524  0.00174  0.00000   0.00307   0.00122   0.07817
 0.28387   2.52579   0.88975   0.00503  0.00168  0.00000   0.00320   0.00127   0.07824
 0.30091   2.52522   0.89099   0.00487  0.00163  0.00000   0.00331   0.00131   0.07823
 0.31798   2.51782   0.89254   0.00478  0.00159  0.00000   0.00340   0.00135   0.07808
 0.33506   2.50761   0.89438   0.00473  0.00156  0.00000   0.00349   0.00139   0.07788
 0.35216   2.49787   0.89639   0.00468  0.00153  0.00000   0.00356   0.00143   0.07768
 0.36927   2.48942   0.89851   0.00464  0.00151  0.00000   0.00364   0.00146   0.07751
 0.38639   2.48286   0.90066   0.00459  0.00148  0.00000   0.00371   0.00149   0.07738
 0.40351   2.47848   0.90277   0.00454  0.00146  0.00000   0.00378   0.00153   0.07729
 0.42064   2.47572   0.90481   0.00447  0.00144  0.00000   0.00386   0.00156   0.07724
 0.43776   2.47408   0.90678   0.00441  0.00142  0.00000   0.00393   0.00159   0.07720
 0.45489   2.47306   0.90868   0.00434  0.00140  0.00000   0.00400   0.00162   0.07718
 0.47201   2.47223   0.91052   0.00427  0.00138  0.00000   0.00408   0.00165   0.07716
 0.48914   2.47171   0.91230   0.00421  0.00136  0.00000   0.00415   0.00168   0.07715
 0.50627   2.47128   0.91402   0.00415  0.00134  0.00000   0.00422   0.00171   0.07714
 0.52340   2.47042   0.91572   0.00410  0.00133  0.00000   0.00428   0.00173   0.07713
 0.54052   2.46920   0.91741   0.00405  0.00131  0.00000   0.00435   0.00176   0.07710
 0.55765   2.46829   0.91905   0.00400  0.00130  0.00000   0.00441   0.00179   0.07708
 0.57478   2.46741   0.92066   0.00395  0.00128  0.00000   0.00448   0.00181   0.07706
 0.59191   2.46672   0.92222   0.00391  0.00127  0.00000   0.00454   0.00184   0.07705
 0.60904   2.46577   0.92377   0.00387  0.00126  0.00000   0.00460   0.00187   0.07703
 0.62617   2.46480   0.92530   0.00383  0.00125  0.00000   0.00466   0.00189   0.07701
 0.64330   2.46417   0.92679   0.00379  0.00123  0.00000   0.00472   0.00191   0.07700
 0.66042   2.46367   0.92824   0.00375  0.00122  0.00000   0.00478   0.00194   0.07699
 0.67755   2.46319   0.92966   0.00371  0.00121  0.00000   0.00483   0.00196   0.07698
 0.69466   2.46182   0.93111   0.00368  0.00120  0.00000   0.00489   0.00198   0.07695
 0.71178   2.46112   0.93251   0.00365  0.00119  0.00000   0.00494   0.00201   0.07694
 0.72890   2.46019   0.93390   0.00362  0.00118  0.00000   0.00499   0.00203   0.07692
 0.74601   2.45917   0.93527   0.00359  0.00117  0.00000   0.00505   0.00205   0.07689
 0.76313   2.45824   0.93663   0.00357  0.00117  0.00000   0.00510   0.00207   0.07688
 0.78024   2.45650   0.93802   0.00354  0.00116  0.00000   0.00515   0.00209   0.07684
 0.79736   2.45554   0.93936   0.00352  0.00115  0.00000   0.00519   0.00212   0.07682
 0.81447   2.45381   0.94073   0.00350  0.00114  0.00000   0.00524   0.00214   0.07678
 0.83159   2.45234   0.94209   0.00348  0.00114  0.00000   0.00529   0.00216   0.07675
 0.84870   2.45017   0.94348   0.00347  0.00113  0.00000   0.00533   0.00217   0.07671
 0.86581   2.44761   0.94489   0.00345  0.00113  0.00000   0.00537   0.00219   0.07665
 0.88291   2.44517   0.94631   0.00344  0.00112  0.00000   0.00541   0.00221   0.07660
 0.89999   2.44165   0.94779   0.00344  0.00112  0.00000   0.00544   0.00223   0.07653
 0.91702   2.43800   0.94930   0.00344  0.00112  0.00000   0.00548   0.00225   0.07645
 0.93390   2.43265   0.95092   0.00345  0.00111  0.00000   0.00550   0.00226   0.07634
 0.95047   2.42671   0.95259   0.00346  0.00111  0.00000   0.00552   0.00227   0.07621
 0.96628   2.41946   0.95433   0.00348  0.00112  0.00000   0.00553   0.00229   0.07606
 0.98056   2.40991   0.95614   0.00353  0.00112  0.00000   0.00553   0.00229   0.07586
 0.99262   2.40035   0.95783   0.00357  0.00113  0.00000   0.00552   0.00230   0.07565
 0.99930   2.37343   0.96007   0.00374  0.00115  0.01109   0.00544   0.00229   0.06812
 0.99943   3.05812   0.96007   0.00000  0.00582  0.05884   0.04013   0.01312   0.08477
 1.00605   2.97085   0.95787   0.00000  0.00586  0.05928   0.03943   0.01327   0.08480
 1.01349   2.88369   0.95658   0.00000  0.00584  0.05968   0.03853   0.01336   0.08344
 1.02182   2.79085   0.95530   0.00000  0.00581  0.06008   0.03753   0.01345   0.08191
 1.03116   2.69299   0.95407   0.00000  0.00577  0.06048   0.03644   0.01353   0.08020
 1.04162   2.59098   0.95295   0.00000  0.00571  0.06086   0.03525   0.01360   0.07830
 1.05333   2.48575   0.95200   0.00000  0.00563  0.06120   0.03397   0.01367   0.07620
 1.06646   2.37842   0.95130   0.00000  0.00553  0.06149   0.03261   0.01371   0.07389
 1.08116   2.27020   0.95091   0.00000  0.00540  0.06170   0.03118   0.01374   0.07135
 1.09763   2.16244   0.95092   0.00000  0.00524  0.06182   0.02970   0.01373   0.06860
 1.11608   2.05650   0.95140   0.00000  0.00506  0.06181   0.02819   0.01371   0.06562
 1.13675   1.95371   0.95239   0.00000  0.00483  0.06165   0.02667   0.01365   0.06243
 1.15989   1.85531   0.95389   0.00000  0.00458  0.06134   0.02517   0.01357   0.05905
 1.18581   1.76229   0.95590   0.00000  0.00429  0.06084   0.02372   0.01346   0.05550
 1.21484   1.67544   0.95834   0.00000  0.00397  0.06016   0.02233   0.01333   0.05183
 1.24736   1.59522   0.96111   0.00000  0.00363  0.05929   0.02104   0.01319   0.04808
 1.28377   1.52184   0.96410   0.00000  0.00328  0.05825   0.01985   0.01305   0.04428
 1.32455   1.45527   0.96719   0.00000  0.00292  0.05706   0.01877   0.01290   0.04049
 1.37022   1.39533   0.97029   0.00000  0.00256  0.05573   0.01781   0.01276   0.03676
 1.42136   1.34167   0.97330   0.00000  0.00222  0.05430   0.01694   0.01263   0.03311
 1.47863   1.29393   0.97617   0.00000  0.00190  0.05279   0.01618   0.01251   0.02960
 1.54276   1.25166   0.97885   0.00000  0.00161  0.05123   0.01551   0.01239   0.02625
 1.61457   1.21443   0.98132   0.00000  0.00134  0.04964   0.01493   0.01229   0.02309
 1.69498   1.18184   0.98358   0.00000  0.00110  0.04798   0.01442   0.01220   0.02015
 1.78501   1.15355   0.98560   0.00000  0.00089  0.04621   0.01399   0.01212   0.01746
 1.88582   1.12923   0.98740   0.00000  0.00071  0.04434   0.01361   0.01205   0.01503
