xflr5 v6.62
CLARK Y AIRFOIL FLAT BOTTOM_REFINED_200p
Alpha =   5.8,  Re =    66064,  Ma= 0.0000,  ACrit= 9.0


Top Side
    x         Hk     Ue/Vinf      Cf        Cd     A/A0       D*       Theta      CTq
 0.00872   2.22951   0.13238   0.00860  0.00033  0.00000   0.00037   0.00017   0.07170
 0.00654   2.20812   0.28386   0.02083  0.00168  0.00000   0.00034   0.00015   0.07116
 0.00469   2.21549   0.45239   0.03562  0.00459  0.00000   0.00031   0.00014   0.07135
 0.00314   2.20215   0.63694   0.05506  0.00990  0.00000   0.00029   0.00013   0.07101
 0.00190   2.20046   0.84136   0.07868  0.01868  0.00000   0.00027   0.00012   0.07097
 0.00094   2.19760   1.06407   0.10708  0.03209  0.00000   0.00025   0.00011   0.07090
 0.00027   2.19633   1.30453   0.14010  0.05143  0.00000   0.00023   0.00011   0.07086
-0.00006   2.25590   1.51353   0.14814  0.06564  0.00000   0.00024   0.00011   0.07234
-0.00009   2.27404   1.67856   0.15286  0.07611  0.00000   0.00026   0.00011   0.07278
 0.00018   2.35713   1.78533   0.13125  0.07432  0.00000   0.00029   0.00012   0.07470
 0.00076   2.46636   1.83038   0.09963  0.06422  0.00000   0.00035   0.00014   0.07704
 0.00163   2.53779   1.84205   0.07784  0.05459  0.00000   0.00042   0.00017   0.07848
 0.00278   2.62622   1.83407   0.05851  0.04547  0.00000   0.00051   0.00019   0.08015
 0.00423   2.71219   1.81522   0.04394  0.03791  0.00000   0.00060   0.00022   0.08169
 0.00600   2.78607   1.79176   0.03370  0.03194  0.00000   0.00070   0.00025   0.08295
 0.00811   2.85085   1.76649   0.02631  0.02719  0.00000   0.00081   0.00029   0.08401
 0.01062   2.86741   1.74297   0.02256  0.02362  0.00000   0.00092   0.00032   0.08427
 0.01359   2.77516   1.72727   0.02391  0.02150  0.00000   0.00097   0.00035   0.08277
 0.01704   2.56813   1.73016   0.03155  0.02153  0.00000   0.00095   0.00037   0.07906
 0.02106   2.41316   1.75174   0.03905  0.02284  0.00000   0.00091   0.00038   0.07593
 0.02573   2.38833   1.77515   0.03948  0.02286  0.00000   0.00094   0.00039   0.07539
 0.03113   2.44117   1.78906   0.03478  0.02135  0.00000   0.00102   0.00042   0.07652
 0.03726   2.55170   1.78793   0.02723  0.01884  0.00000   0.00115   0.00045   0.07875
 0.04392   2.66747   1.77702   0.02075  0.01649  0.00000   0.00132   0.00049   0.08090
 0.05070   2.76145   1.76261   0.01631  0.01466  0.00000   0.00148   0.00054   0.08254
 0.05747   2.85185   1.74675   0.01287  0.01317  0.00000   0.00164   0.00058   0.08402
 0.06433   2.93275   1.73078   0.01030  0.01195  0.00486   0.00181   0.00062   0.08529
 0.07129   2.99712   1.71560   0.00851  0.01097  0.04589   0.00197   0.00066   0.08625
 0.07828   3.04436   1.70158   0.00727  0.01017  0.12698   0.00211   0.00069   0.08694
 0.08531   3.06489   1.68908   0.00659  0.00952  0.23104   0.00224   0.00073   0.08723
 0.09236   3.06329   1.67807   0.00629  0.00899  0.33743   0.00234   0.00076   0.08721
 0.09944   3.05723   1.66810   0.00607  0.00853  0.43875   0.00243   0.00079   0.08712
 0.10656   3.05709   1.65879   0.00582  0.00812  0.53559   0.00252   0.00083   0.08712
 0.11371   3.06556   1.64991   0.00549  0.00775  0.62965   0.00262   0.00086   0.08724
 0.12088   3.08102   1.64137   0.00511  0.00740  0.72256   0.00273   0.00089   0.08746
 0.12807   3.10222   1.63312   0.00470  0.00708  0.81551   0.00284   0.00092   0.08775
 0.13528   3.12843   1.62512   0.00429  0.00678  0.90941   0.00296   0.00095   0.08812
 0.14250   3.15888   1.61735   0.00388  0.00650  1.00497   0.00308   0.00097   0.08853
 0.14975   3.19287   1.60982   0.00347  0.00624  1.10268   0.00321   0.00100   0.08898
 0.15700   3.23250   1.60247   0.00306  0.00600  1.20305   0.00334   0.00103   0.08950
 0.16427   3.27974   1.59528   0.00264  0.00578  1.30681   0.00348   0.00106   0.09011
 0.17155   3.33686   1.58823   0.00220  0.00557  1.41483   0.00364   0.00109   0.09083
 0.17885   3.40753   1.58132   0.00173  0.00537  1.52820   0.00381   0.00112   0.09168
 0.18615   3.49535   1.57459   0.00125  0.00519  1.64817   0.00401   0.00115   0.09271
 0.19346   3.60352   1.56809   0.00076  0.00501  1.77601   0.00424   0.00118   0.09391
 0.20079   3.73459   1.56191   0.00028  0.00486  1.91284   0.00449   0.00120   0.09529
 0.20812   3.89102   1.55612  -0.00015  0.00471  2.05949   0.00479   0.00123   0.09683
 0.21545   4.07119   1.55077  -0.00053  0.00459  2.21630   0.00511   0.00125   0.09848
 0.22280   4.27099   1.54583  -0.00081  0.00447  2.38297   0.00546   0.00128   0.10016
 0.23014   4.48628   1.54126  -0.00101  0.00436  2.55870   0.00584   0.00130   0.10180
 0.23749   4.71545   1.53712  -0.00112  0.00426  2.74248   0.00624   0.00132   0.10339
 0.24484   4.95611   1.53340  -0.00118  0.00416  2.93333   0.00666   0.00134   0.10492
 0.25220   5.20534   1.53007  -0.00118  0.00407  3.13025   0.00709   0.00136   0.10637
 0.25955   5.45967   1.52709  -0.00117  0.00399  3.33232   0.00754   0.00138   0.10772
 0.26691   5.71551   1.52443  -0.00115  0.00391  3.53864   0.00798   0.00140   0.10897
 0.27427   5.96951   1.52202  -0.00112  0.00383  3.74841   0.00843   0.00141   0.11011
 0.28163   6.21854   1.51983  -0.00109  0.00376  3.96089   0.00888   0.00143   0.11116
 0.28898   6.45939   1.51783  -0.00106  0.00369  4.17546   0.00931   0.00144   0.11210
 0.29634   6.68881   1.51597  -0.00103  0.00363  4.39151   0.00973   0.00145   0.11294
 0.30370   6.90347   1.51424  -0.00101  0.00356  4.60855   0.01013   0.00147   0.11369
 0.31105   7.10076   1.51259  -0.00099  0.00350  4.82613   0.01051   0.00148   0.11434
 0.31841   7.28208   1.51103  -0.00098  0.00345  5.04385   0.01087   0.00149   0.11491
 0.32577   7.44883   1.50954  -0.00096  0.00340  5.26143   0.01121   0.00151   0.11542
 0.33312   7.60184   1.50810  -0.00095  0.00335  5.47864   0.01154   0.00152   0.11586
 0.34048   7.74111   1.50672  -0.00094  0.00330  5.69530   0.01184   0.00153   0.11626
 0.34784   7.86664   1.50537  -0.00093  0.00326  5.91123   0.01213   0.00154   0.11660
 0.35519   7.97880   1.50406  -0.00091  0.00321  6.12632   0.01240   0.00155   0.11691
 0.36254   8.07819   1.50279  -0.00090  0.00317  6.34044   0.01265   0.00157   0.11717
 0.36990   8.16519   1.50153  -0.00089  0.00314  6.55351   0.01288   0.00158   0.11739
 0.37725   8.23972   1.50030  -0.00089  0.00310  6.76544   0.01309   0.00159   0.11758
 0.38460   8.30149   1.49909  -0.00088  0.00307  6.97617   0.01329   0.00160   0.11774
 0.39194   8.35009   1.49788  -0.00087  0.00303  7.18563   0.01347   0.00161   0.11786
 0.39929   8.38492   1.49669  -0.00086  0.00300  7.39375   0.01362   0.00162   0.11794
 0.40663   8.40523   1.49550  -0.00085  0.00297  7.60047   0.01376   0.00164   0.11799
 0.41398   8.40946   1.49430  -0.00085  0.00295  7.80571   0.01387   0.00165   0.11800
 0.42132   8.39514   1.49310  -0.00084  0.00292  8.00940   0.01395   0.00166   0.11797
 0.42865   8.35940   1.49188  -0.00083  0.00290  8.21142   0.01400   0.00167   0.11788
 0.43599   8.29869   1.49063  -0.00083  0.00288  8.41166   0.01400   0.00169   0.11773
 0.44332   8.20833   1.48934  -0.00082  0.00286  8.60994   0.01396   0.00170   0.11750
 0.45065   8.08129   1.48799  -0.00082  0.00284  8.80606   0.01386   0.00172   0.11718
 0.45798   7.90451   1.48654  -0.00049  0.06529  0.12910   0.01368   0.00173   0.11567
 0.46530   6.68717   1.46133  -0.00047  0.05822  0.12695   0.01356   0.00203   0.11172
 0.47262   5.73210   1.43667  -0.00044  0.05186  0.12476   0.01337   0.00233   0.10754
 0.47994   4.96376   1.41240  -0.00038  0.04608  0.12254   0.01311   0.00264   0.10311
 0.48726   4.33079   1.38820  -0.00025  0.04082  0.12033   0.01283   0.00296   0.09835
 0.49457   3.83570   1.36615  -0.00000  0.03619  0.11798   0.01253   0.00327   0.09377
 0.50188   3.46054   1.34770   0.00039  0.03225  0.11545   0.01220   0.00353   0.08973
 0.50919   3.16247   1.33177   0.00082  0.02886  0.11288   0.01188   0.00376   0.08597
 0.51650   2.92177   1.31802   0.00125  0.02595  0.11032   0.01158   0.00396   0.08246
 0.52380   2.72487   1.30615   0.00166  0.02344  0.10780   0.01129   0.00414   0.07918
 0.53110   2.56211   1.29586   0.00204  0.02127  0.10535   0.01102   0.00430   0.07612
 0.53839   2.42634   1.28689   0.00239  0.01941  0.10298   0.01078   0.00444   0.07328
 0.54568   2.31216   1.27901   0.00272  0.01780  0.10072   0.01056   0.00457   0.07063
 0.55297   2.21548   1.27201   0.00301  0.01640  0.09855   0.01038   0.00468   0.06819
 0.56026   2.13303   1.26569   0.00326  0.01519  0.09650   0.01022   0.00479   0.06594
 0.56754   2.06089   1.25962   0.00349  0.01413  0.09458   0.01008   0.00489   0.06380
 0.57482   1.99896   1.25399   0.00369  0.01320  0.09277   0.00997   0.00499   0.06185
 0.58210   1.94559   1.24867   0.00386  0.01239  0.09107   0.00989   0.00508   0.06007
 0.58937   1.89940   1.24358   0.00400  0.01167  0.08947   0.00983   0.00518   0.05845
 0.59664   1.85932   1.23864   0.00412  0.01104  0.08797   0.00979   0.00527   0.05698
 0.60390   1.82450   1.23379   0.00430  0.01048  0.08657   0.00977   0.00536   0.05566
 0.61117   1.79425   1.22900   0.00446  0.00998  0.08526   0.00977   0.00545   0.05446
 0.61843   1.76795   1.22423   0.00459  0.00954  0.08403   0.00979   0.00554   0.05340
 0.62568   1.74509   1.21946   0.00471  0.00914  0.08290   0.00983   0.00563   0.05245
 0.63292   1.72523   1.21469   0.00480  0.00877  0.08184   0.00988   0.00573   0.05161
 0.64015   1.70791   1.20989   0.00488  0.00844  0.08085   0.00995   0.00582   0.05086
 0.64741   1.69272   1.20505   0.00494  0.00814  0.07993   0.01003   0.00592   0.05019
 0.65471   1.67940   1.20015   0.00498  0.00786  0.07906   0.01012   0.00603   0.04960
 0.66199   1.66788   1.19521   0.00501  0.00760  0.07825   0.01022   0.00613   0.04909
 0.66913   1.65814   1.19031   0.00503  0.00737  0.07751   0.01034   0.00624   0.04865
 0.67612   1.64991   1.18547   0.00503  0.00715  0.07684   0.01046   0.00634   0.04828
 0.68324   1.64271   1.18051   0.00503  0.00695  0.07620   0.01060   0.00645   0.04796
 0.69111   1.63595   1.17499   0.00501  0.00674  0.07553   0.01076   0.00658   0.04766
 0.70089   1.62912   1.16810   0.00497  0.00649  0.07478   0.01098   0.00674   0.04735
 0.71354   1.62261   1.15911   0.00491  0.00621  0.07389   0.01128   0.00695   0.04707
 0.72782   1.61823   1.14881   0.00481  0.00591  0.07302   0.01167   0.00721   0.04690
 0.74304   1.61665   1.13764   0.00468  0.00563  0.07221   0.01212   0.00750   0.04688
 0.75894   1.61795   1.12581   0.00452  0.00536  0.07150   0.01265   0.00782   0.04699
 0.77505   1.62254   1.11353   0.00434  0.00511  0.07090   0.01325   0.00816   0.04727
 0.79126   1.63012   1.10097   0.00414  0.00488  0.07042   0.01391   0.00854   0.04770
 0.80751   1.64076   1.08815   0.00393  0.00467  0.07004   0.01466   0.00894   0.04826
 0.82376   1.65460   1.07508   0.00370  0.00447  0.06976   0.01550   0.00937   0.04897
 0.84002   1.67157   1.06187   0.00347  0.00430  0.06957   0.01643   0.00983   0.04980
 0.85626   1.69203   1.04851   0.00323  0.00413  0.06946   0.01746   0.01032   0.05078
 0.87251   1.71609   1.03507   0.00298  0.00399  0.06944   0.01862   0.01085   0.05188
 0.88873   1.74403   1.02162   0.00274  0.00385  0.06949   0.01991   0.01142   0.05312
 0.90493   1.77614   1.00825   0.00250  0.00373  0.06961   0.02135   0.01202   0.05448
 0.92105   1.81269   0.99506   0.00226  0.00363  0.06979   0.02294   0.01265   0.05596
 0.93702   1.85403   0.98218   0.00203  0.00354  0.07002   0.02470   0.01332   0.05755
 0.95270   1.90040   0.96976   0.00180  0.00347  0.07030   0.02663   0.01401   0.05925
 0.96771   1.95024   0.95822   0.00160  0.00341  0.07060   0.02867   0.01470   0.06098
 0.98133   2.00019   0.94816   0.00142  0.00337  0.07090   0.03069   0.01534   0.06262
 0.99291   2.04555   0.94005   0.00129  0.00334  0.07115   0.03251   0.01589   0.06404
 0.99935   2.07112   0.93580   0.00121  0.00332  0.07129   0.03353   0.01619   0.06482
 0.99943   2.17203   0.93580   0.00000  0.00523  0.06412   0.03993   0.01838   0.06688
 1.00605   2.11106   0.93302   0.00000  0.00522  0.06429   0.03929   0.01861   0.06697
 1.01349   2.07082   0.93382   0.00000  0.00514  0.06421   0.03840   0.01855   0.06582
 1.02183   2.02876   0.93475   0.00000  0.00506  0.06411   0.03747   0.01847   0.06457
 1.03117   1.98495   0.93584   0.00000  0.00497  0.06397   0.03649   0.01838   0.06322
 1.04163   1.93958   0.93710   0.00000  0.00486  0.06380   0.03547   0.01829   0.06176
 1.05336   1.89289   0.93855   0.00000  0.00474  0.06358   0.03441   0.01818   0.06018
 1.06649   1.84512   0.94020   0.00000  0.00461  0.06331   0.03331   0.01805   0.05848
 1.08120   1.79660   0.94206   0.00000  0.00447  0.06299   0.03219   0.01792   0.05666
 1.09768   1.74764   0.94414   0.00000  0.00431  0.06261   0.03105   0.01777   0.05473
 1.11614   1.69860   0.94644   0.00000  0.00413  0.06215   0.02991   0.01761   0.05267
 1.13682   1.64986   0.94893   0.00000  0.00394  0.06162   0.02877   0.01744   0.05051
 1.15998   1.60176   0.95160   0.00000  0.00374  0.06101   0.02765   0.01726   0.04824
 1.18591   1.55464   0.95442   0.00000  0.00352  0.06031   0.02656   0.01708   0.04587
 1.21496   1.50881   0.95734   0.00000  0.00329  0.05952   0.02550   0.01690   0.04342
 1.24749   1.46454   0.96032   0.00000  0.00305  0.05865   0.02448   0.01672   0.04091
 1.28393   1.42207   0.96332   0.00000  0.00280  0.05769   0.02352   0.01654   0.03834
 1.32472   1.38158   0.96629   0.00000  0.00255  0.05666   0.02261   0.01637   0.03573
 1.37041   1.34323   0.96920   0.00000  0.00230  0.05554   0.02176   0.01620   0.03311
 1.42156   1.30714   0.97201   0.00000  0.00205  0.05436   0.02097   0.01605   0.03050
 1.47884   1.27337   0.97470   0.00000  0.00181  0.05313   0.02025   0.01590   0.02791
 1.54298   1.24198   0.97724   0.00000  0.00159  0.05185   0.01958   0.01577   0.02537
 1.61479   1.21300   0.97962   0.00000  0.00137  0.05052   0.01897   0.01564   0.02289
 1.69519   1.18644   0.98182   0.00000  0.00117  0.04912   0.01843   0.01553   0.02052
 1.78520   1.16231   0.98384   0.00000  0.00099  0.04763   0.01793   0.01543   0.01826
 1.88598   1.14062   0.98566   0.00000  0.00082  0.04604   0.01750   0.01534   0.01614


Bottom Side
    x         Hk     Ue/Vinf      Cf        Cd     A/A0       D*       Theta      CTq
 0.01129   2.22951   0.01084   0.00070  0.00000  0.00000   0.00037   0.00017   0.07170
 0.01432   2.23702   0.13953   0.00766  0.00031  0.00000   0.00044   0.00020   0.07188
 0.01793   2.25853   0.24620   0.01163  0.00084  0.00000   0.00050   0.00022   0.07241
 0.02223   2.28553   0.33087   0.01292  0.00128  0.00000   0.00059   0.00026   0.07305
 0.02747   2.31509   0.39494   0.01248  0.00151  0.00000   0.00071   0.00031   0.07375
 0.03387   2.27700   0.45619   0.01357  0.00184  0.00000   0.00078   0.00034   0.07285
 0.04153   2.27070   0.52250   0.01460  0.00226  0.00000   0.00083   0.00037   0.07270
 0.05060   2.31563   0.58081   0.01378  0.00245  0.00000   0.00094   0.00041   0.07376
 0.06133   2.35535   0.62464   0.01230  0.00243  0.00000   0.00109   0.00046   0.07466
 0.07390   2.38790   0.65628   0.01074  0.00230  0.00000   0.00127   0.00053   0.07538
 0.08813   2.36790   0.68469   0.01031  0.00226  0.00000   0.00141   0.00060   0.07494
 0.10319   2.35062   0.71246   0.01013  0.00228  0.00000   0.00152   0.00065   0.07455
 0.11871   2.36765   0.73548   0.00946  0.00223  0.00000   0.00165   0.00070   0.07493
 0.13457   2.37989   0.75411   0.00887  0.00217  0.00000   0.00179   0.00075   0.07520
 0.15063   2.39145   0.76928   0.00833  0.00210  0.00000   0.00192   0.00080   0.07546
 0.16686   2.40382   0.78159   0.00782  0.00202  0.00000   0.00205   0.00085   0.07573
 0.18323   2.41625   0.79159   0.00734  0.00195  0.00000   0.00218   0.00090   0.07599
 0.19974   2.42724   0.79980   0.00692  0.00187  0.00000   0.00232   0.00095   0.07623
 0.21636   2.43689   0.80664   0.00654  0.00180  0.00000   0.00245   0.00100   0.07643
 0.23309   2.44582   0.81236   0.00620  0.00174  0.00000   0.00258   0.00105   0.07662
 0.24993   2.45400   0.81719   0.00589  0.00167  0.00000   0.00270   0.00110   0.07679
 0.26686   2.45973   0.82141   0.00564  0.00162  0.00000   0.00282   0.00115   0.07691
 0.28387   2.46270   0.82524   0.00542  0.00157  0.00000   0.00294   0.00119   0.07697
 0.30091   2.46242   0.82888   0.00526  0.00153  0.00000   0.00304   0.00124   0.07696
 0.31798   2.45619   0.83266   0.00517  0.00150  0.00000   0.00313   0.00128   0.07683
 0.33506   2.44795   0.83657   0.00511  0.00148  0.00000   0.00321   0.00131   0.07666
 0.35216   2.44067   0.84053   0.00506  0.00146  0.00000   0.00328   0.00135   0.07651
 0.36927   2.43480   0.84446   0.00501  0.00144  0.00000   0.00335   0.00138   0.07639
 0.38639   2.43069   0.84830   0.00495  0.00142  0.00000   0.00343   0.00141   0.07630
 0.40351   2.42849   0.85200   0.00488  0.00141  0.00000   0.00350   0.00144   0.07625
 0.42064   2.42757   0.85553   0.00480  0.00139  0.00000   0.00357   0.00147   0.07623
 0.43776   2.42743   0.85891   0.00473  0.00137  0.00000   0.00364   0.00150   0.07623
 0.45489   2.42762   0.86214   0.00465  0.00136  0.00000   0.00371   0.00153   0.07623
 0.47201   2.42776   0.86525   0.00458  0.00134  0.00000   0.00378   0.00156   0.07624
 0.48914   2.42803   0.86823   0.00452  0.00133  0.00000   0.00385   0.00159   0.07624
 0.50627   2.42825   0.87111   0.00445  0.00131  0.00000   0.00392   0.00161   0.07625
 0.52340   2.42795   0.87392   0.00440  0.00130  0.00000   0.00398   0.00164   0.07624
 0.54052   2.42724   0.87668   0.00435  0.00129  0.00000   0.00404   0.00166   0.07623
 0.55765   2.42679   0.87935   0.00430  0.00128  0.00000   0.00410   0.00169   0.07622
 0.57478   2.42635   0.88195   0.00425  0.00127  0.00000   0.00416   0.00172   0.07621
 0.59191   2.42606   0.88448   0.00420  0.00126  0.00000   0.00422   0.00174   0.07620
 0.60904   2.42548   0.88696   0.00416  0.00125  0.00000   0.00428   0.00176   0.07619
 0.62617   2.42486   0.88939   0.00412  0.00124  0.00000   0.00433   0.00179   0.07618
 0.64330   2.42457   0.89175   0.00408  0.00123  0.00000   0.00439   0.00181   0.07617
 0.66042   2.42439   0.89405   0.00404  0.00122  0.00000   0.00444   0.00183   0.07617
 0.67755   2.42422   0.89630   0.00400  0.00121  0.00000   0.00450   0.00186   0.07616
 0.69466   2.42315   0.89855   0.00397  0.00120  0.00000   0.00455   0.00188   0.07614
 0.71178   2.42277   0.90072   0.00394  0.00120  0.00000   0.00460   0.00190   0.07613
 0.72890   2.42218   0.90287   0.00391  0.00119  0.00000   0.00465   0.00192   0.07612
 0.74601   2.42151   0.90499   0.00388  0.00118  0.00000   0.00470   0.00194   0.07610
 0.76313   2.42098   0.90706   0.00385  0.00118  0.00000   0.00475   0.00196   0.07609
 0.78024   2.41967   0.90915   0.00383  0.00117  0.00000   0.00479   0.00198   0.07607
 0.79736   2.41923   0.91117   0.00380  0.00116  0.00000   0.00484   0.00200   0.07606
 0.81447   2.41810   0.91319   0.00378  0.00116  0.00000   0.00489   0.00202   0.07603
 0.83159   2.41735   0.91517   0.00376  0.00115  0.00000   0.00493   0.00204   0.07602
 0.84870   2.41605   0.91716   0.00374  0.00115  0.00000   0.00497   0.00206   0.07599
 0.86581   2.41457   0.91915   0.00372  0.00114  0.00000   0.00501   0.00208   0.07596
 0.88291   2.41350   0.92109   0.00370  0.00114  0.00000   0.00506   0.00209   0.07593
 0.89999   2.41173   0.92306   0.00369  0.00114  0.00000   0.00509   0.00211   0.07590
 0.91702   2.41036   0.92500   0.00367  0.00113  0.00000   0.00513   0.00213   0.07587
 0.93390   2.40799   0.92697   0.00367  0.00113  0.00000   0.00517   0.00215   0.07581
 0.95047   2.40603   0.92888   0.00366  0.00113  0.00000   0.00520   0.00216   0.07577
 0.96628   2.40407   0.93071   0.00365  0.00112  0.00000   0.00523   0.00218   0.07573
 0.98056   2.40124   0.93243   0.00365  0.00112  0.00000   0.00525   0.00219   0.07567
 0.99262   2.39982   0.93384   0.00365  0.00112  0.00000   0.00528   0.00220   0.07564
 0.99930   2.37839   0.93580   0.00378  0.00114  0.01113   0.00521   0.00219   0.06776
 0.99943   2.17203   0.93580   0.00000  0.00523  0.06412   0.03993   0.01838   0.06688
 1.00605   2.11106   0.93302   0.00000  0.00522  0.06429   0.03929   0.01861   0.06697
 1.01349   2.07082   0.93382   0.00000  0.00514  0.06421   0.03840   0.01855   0.06582
 1.02183   2.02876   0.93475   0.00000  0.00506  0.06411   0.03747   0.01847   0.06457
 1.03117   1.98495   0.93584   0.00000  0.00497  0.06397   0.03649   0.01838   0.06322
 1.04163   1.93958   0.93710   0.00000  0.00486  0.06380   0.03547   0.01829   0.06176
 1.05336   1.89289   0.93855   0.00000  0.00474  0.06358   0.03441   0.01818   0.06018
 1.06649   1.84512   0.94020   0.00000  0.00461  0.06331   0.03331   0.01805   0.05848
 1.08120   1.79660   0.94206   0.00000  0.00447  0.06299   0.03219   0.01792   0.05666
 1.09768   1.74764   0.94414   0.00000  0.00431  0.06261   0.03105   0.01777   0.05473
 1.11614   1.69860   0.94644   0.00000  0.00413  0.06215   0.02991   0.01761   0.05267
 1.13682   1.64986   0.94893   0.00000  0.00394  0.06162   0.02877   0.01744   0.05051
 1.15998   1.60176   0.95160   0.00000  0.00374  0.06101   0.02765   0.01726   0.04824
 1.18591   1.55464   0.95442   0.00000  0.00352  0.06031   0.02656   0.01708   0.04587
 1.21496   1.50881   0.95734   0.00000  0.00329  0.05952   0.02550   0.01690   0.04342
 1.24749   1.46454   0.96032   0.00000  0.00305  0.05865   0.02448   0.01672   0.04091
 1.28393   1.42207   0.96332   0.00000  0.00280  0.05769   0.02352   0.01654   0.03834
 1.32472   1.38158   0.96629   0.00000  0.00255  0.05666   0.02261   0.01637   0.03573
 1.37041   1.34323   0.96920   0.00000  0.00230  0.05554   0.02176   0.01620   0.03311
 1.42156   1.30714   0.97201   0.00000  0.00205  0.05436   0.02097   0.01605   0.03050
 1.47884   1.27337   0.97470   0.00000  0.00181  0.05313   0.02025   0.01590   0.02791
 1.54298   1.24198   0.97724   0.00000  0.00159  0.05185   0.01958   0.01577   0.02537
 1.61479   1.21300   0.97962   0.00000  0.00137  0.05052   0.01897   0.01564   0.02289
 1.69519   1.18644   0.98182   0.00000  0.00117  0.04912   0.01843   0.01553   0.02052
 1.78520   1.16231   0.98384   0.00000  0.00099  0.04763   0.01793   0.01543   0.01826
 1.88598   1.14062   0.98566   0.00000  0.00082  0.04604   0.01750   0.01534   0.01614
