xflr5 v6.62
CLARK Y AIRFOIL FLAT BOTTOM_REFINED_200p
Alpha =   6.5,  Re =    66064,  Ma= 0.0000,  ACrit= 9.0


Top Side
    x         Hk     Ue/Vinf      Cf        Cd     A/A0       D*       Theta      CTq
 0.01129   2.22951   0.04580   0.00272  0.00004  0.00000   0.00041   0.00018   0.07170
 0.00872   2.21435   0.19050   0.01326  0.00072  0.00000   0.00035   0.00016   0.07132
 0.00654   2.22768   0.34844   0.02515  0.00252  0.00000   0.00034   0.00015   0.07165
 0.00469   2.19966   0.51963   0.04200  0.00615  0.00000   0.00031   0.00014   0.07095
 0.00314   2.20612   0.70969   0.06149  0.01235  0.00000   0.00029   0.00013   0.07111
 0.00190   2.19544   0.91812   0.08700  0.02246  0.00000   0.00026   0.00012   0.07084
 0.00094   2.19672   1.14594   0.11623  0.03749  0.00000   0.00025   0.00011   0.07087
 0.00027   2.19468   1.39072   0.15058  0.05887  0.00000   0.00023   0.00011   0.07082
-0.00006   2.25724   1.60149   0.15723  0.07378  0.00000   0.00024   0.00011   0.07238
-0.00009   2.27778   1.76569   0.16050  0.08429  0.00000   0.00025   0.00011   0.07287
 0.00018   2.36463   1.86909   0.13614  0.08124  0.00000   0.00029   0.00012   0.07487
 0.00076   2.48085   1.90911   0.10170  0.06941  0.00000   0.00036   0.00014   0.07734
 0.00163   2.56003   1.91537   0.07810  0.05844  0.00000   0.00043   0.00017   0.07891
 0.00278   2.65709   1.90222   0.05760  0.04832  0.00000   0.00051   0.00019   0.08072
 0.00423   2.75275   1.87882   0.04235  0.04007  0.00000   0.00061   0.00022   0.08239
 0.00600   2.83646   1.85142   0.03177  0.03363  0.00000   0.00072   0.00025   0.08378
 0.00811   2.91005   1.82279   0.02428  0.02854  0.00000   0.00084   0.00029   0.08494
 0.01062   2.93145   1.79621   0.02058  0.02472  0.00000   0.00094   0.00032   0.08527
 0.01359   2.83538   1.77721   0.02203  0.02234  0.00000   0.00100   0.00035   0.08376
 0.01704   2.61432   1.77617   0.02983  0.02211  0.00000   0.00097   0.00037   0.07993
 0.02106   2.44313   1.79396   0.03777  0.02330  0.00000   0.00094   0.00038   0.07656
 0.02573   2.40699   1.81444   0.03874  0.02333  0.00000   0.00096   0.00040   0.07579
 0.03113   2.45516   1.82609   0.03431  0.02181  0.00000   0.00104   0.00042   0.07681
 0.03726   2.56690   1.82311   0.02678  0.01923  0.00000   0.00118   0.00046   0.07904
 0.04392   2.68778   1.81068   0.02022  0.01682  0.00000   0.00134   0.00050   0.08127
 0.05070   2.78815   1.79507   0.01570  0.01495  0.00000   0.00151   0.00054   0.08299
 0.05747   2.88485   1.77829   0.01222  0.01344  0.00000   0.00168   0.00058   0.08455
 0.06433   2.97131   1.76163   0.00966  0.01221  0.02358   0.00185   0.00062   0.08587
 0.07129   3.03981   1.74592   0.00789  0.01122  0.09445   0.00202   0.00066   0.08687
 0.07828   3.08917   1.73148   0.00670  0.01041  0.20201   0.00216   0.00070   0.08757
 0.08531   3.10938   1.71865   0.00607  0.00975  0.32035   0.00229   0.00074   0.08785
 0.09236   3.10498   1.70736   0.00583  0.00922  0.43494   0.00239   0.00077   0.08779
 0.09944   3.09389   1.69719   0.00570  0.00876  0.54337   0.00247   0.00080   0.08764
 0.10656   3.08675   1.68780   0.00554  0.00835  0.64600   0.00256   0.00083   0.08754
 0.11371   3.08631   1.67896   0.00533  0.00798  0.74428   0.00265   0.00086   0.08753
 0.12088   3.09085   1.67058   0.00508  0.00764  0.83961   0.00275   0.00089   0.08760
 0.12807   3.09890   1.66261   0.00482  0.00732  0.93295   0.00284   0.00092   0.08771
 0.13528   3.10939   1.65499   0.00455  0.00704  1.02499   0.00294   0.00095   0.08785
 0.14250   3.12118   1.64770   0.00429  0.00677  1.11614   0.00304   0.00097   0.08802
 0.14975   3.13306   1.64073   0.00406  0.00653  1.20661   0.00313   0.00100   0.08818
 0.15700   3.14654   1.63402   0.00382  0.00630  1.29660   0.00323   0.00103   0.08836
 0.16427   3.16285   1.62752   0.00358  0.00609  1.38647   0.00333   0.00105   0.08858
 0.17155   3.18331   1.62119   0.00332  0.00589  1.47675   0.00344   0.00108   0.08886
 0.17885   3.21046   1.61495   0.00303  0.00570  1.56814   0.00355   0.00111   0.08922
 0.18615   3.24660   1.60877   0.00271  0.00552  1.66161   0.00368   0.00113   0.08969
 0.19346   3.29357   1.60264   0.00234  0.00534  1.75827   0.00382   0.00116   0.09028
 0.20079   3.35272   1.59656   0.00194  0.00517  1.85925   0.00398   0.00119   0.09102
 0.20812   3.42571   1.59057   0.00152  0.00501  1.96568   0.00415   0.00121   0.09190
 0.21545   3.51102   1.58474   0.00110  0.00486  2.07846   0.00435   0.00124   0.09288
 0.22280   3.60568   1.57914   0.00071  0.00473  2.19801   0.00456   0.00126   0.09393
 0.23014   3.70678   1.57381   0.00035  0.00460  2.32431   0.00478   0.00129   0.09500
 0.23749   3.81162   1.56876   0.00005  0.00448  2.45702   0.00501   0.00131   0.09606
 0.24484   3.91723   1.56398  -0.00020  0.00438  2.59555   0.00524   0.00134   0.09708
 0.25220   4.02022   1.55947  -0.00040  0.00428  2.73914   0.00547   0.00136   0.09803
 0.25955   4.11667   1.55518  -0.00055  0.00419  2.88690   0.00569   0.00138   0.09888
 0.26691   4.20244   1.55109  -0.00066  0.00410  3.03782   0.00590   0.00140   0.09960
 0.27427   4.27355   1.54718  -0.00073  0.00402  3.19085   0.00609   0.00143   0.10018
 0.28163   4.32595   1.54342  -0.00077  0.00394  3.34489   0.00626   0.00145   0.10059
 0.28898   4.35493   1.53979  -0.00079  0.00386  3.49878   0.00639   0.00147   0.10082
 0.29634   4.35425   1.53627  -0.00077  0.00379  3.65125   0.00648   0.00149   0.10081
 0.30370   4.29525   1.53163  -0.00023  0.01870  0.06441   0.00651   0.00152   0.09663
 0.31105   4.00035   1.51449  -0.00007  0.01929  0.06829   0.00650   0.00162   0.09399
 0.31841   3.71121   1.49784   0.00024  0.01943  0.07125   0.00643   0.00173   0.09113
 0.32577   3.43777   1.48171   0.00090  0.01917  0.07338   0.00633   0.00184   0.08807
 0.33312   3.18976   1.46660   0.00164  0.01861  0.07477   0.00621   0.00195   0.08492
 0.34048   2.97027   1.45279   0.00243  0.01785  0.07554   0.00608   0.00205   0.08175
 0.34784   2.77815   1.44030   0.00324  0.01697  0.07580   0.00594   0.00214   0.07859
 0.35519   2.61234   1.42918   0.00403  0.01605  0.07566   0.00581   0.00222   0.07552
 0.36254   2.47155   1.41947   0.00477  0.01514  0.07521   0.00569   0.00230   0.07260
 0.36990   2.35280   1.41100   0.00545  0.01429  0.07454   0.00559   0.00237   0.06989
 0.37725   2.25299   1.40355   0.00605  0.01350  0.07373   0.00550   0.00244   0.06741
 0.38460   2.16927   1.39692   0.00658  0.01279  0.07283   0.00542   0.00250   0.06515
 0.39194   2.09915   1.39092   0.00702  0.01215  0.07188   0.00537   0.00256   0.06314
 0.39929   2.04049   1.38535   0.00738  0.01158  0.07093   0.00533   0.00261   0.06135
 0.40663   1.99156   1.38005   0.00766  0.01107  0.06999   0.00532   0.00267   0.05979
 0.41398   1.95075   1.37491   0.00788  0.01061  0.06909   0.00531   0.00272   0.05844
 0.42132   1.91661   1.36986   0.00803  0.01021  0.06822   0.00533   0.00278   0.05727
 0.42865   1.88798   1.36484   0.00813  0.00984  0.06741   0.00535   0.00284   0.05628
 0.43599   1.86393   1.35984   0.00818  0.00950  0.06664   0.00539   0.00289   0.05542
 0.44332   1.84369   1.35482   0.00820  0.00919  0.06592   0.00544   0.00295   0.05470
 0.45065   1.82664   1.34978   0.00818  0.00891  0.06524   0.00550   0.00301   0.05409
 0.45798   1.81229   1.34470   0.00813  0.00865  0.06462   0.00556   0.00307   0.05357
 0.46530   1.80020   1.33958   0.00806  0.00841  0.06404   0.00564   0.00313   0.05314
 0.47262   1.79004   1.33444   0.00797  0.00818  0.06350   0.00572   0.00319   0.05279
 0.47994   1.78150   1.32926   0.00787  0.00797  0.06300   0.00580   0.00326   0.05250
 0.48726   1.77433   1.32407   0.00775  0.00777  0.06253   0.00590   0.00332   0.05226
 0.49457   1.76832   1.31888   0.00763  0.00758  0.06210   0.00599   0.00339   0.05207
 0.50188   1.76330   1.31368   0.00749  0.00740  0.06170   0.00609   0.00346   0.05192
 0.50919   1.75912   1.30849   0.00736  0.00723  0.06133   0.00620   0.00352   0.05180
 0.51650   1.75573   1.30329   0.00722  0.00707  0.06099   0.00631   0.00359   0.05172
 0.52380   1.75312   1.29808   0.00708  0.00692  0.06067   0.00642   0.00366   0.05167
 0.53110   1.75126   1.29283   0.00693  0.00677  0.06038   0.00654   0.00373   0.05165
 0.53839   1.75008   1.28756   0.00678  0.00663  0.06011   0.00666   0.00381   0.05166
 0.54568   1.74953   1.28226   0.00662  0.00650  0.05986   0.00679   0.00388   0.05169
 0.55297   1.74957   1.27694   0.00647  0.00637  0.05964   0.00692   0.00396   0.05175
 0.56026   1.75023   1.27157   0.00631  0.00624  0.05944   0.00706   0.00404   0.05184
 0.56754   1.75155   1.26614   0.00615  0.00612  0.05926   0.00721   0.00412   0.05196
 0.57482   1.75351   1.26066   0.00599  0.00601  0.05910   0.00736   0.00420   0.05210
 0.58210   1.75606   1.25513   0.00583  0.00590  0.05895   0.00752   0.00428   0.05226
 0.58937   1.75919   1.24956   0.00567  0.00579  0.05883   0.00768   0.00437   0.05245
 0.59664   1.76289   1.24394   0.00551  0.00568  0.05873   0.00785   0.00445   0.05267
 0.60390   1.76720   1.23827   0.00535  0.00558  0.05864   0.00803   0.00454   0.05290
 0.61117   1.77212   1.23255   0.00518  0.00549  0.05857   0.00822   0.00464   0.05316
 0.61843   1.77763   1.22678   0.00502  0.00539  0.05851   0.00841   0.00473   0.05345
 0.62568   1.78372   1.22099   0.00486  0.00530  0.05848   0.00862   0.00483   0.05375
 0.63292   1.79033   1.21518   0.00470  0.00521  0.05845   0.00883   0.00493   0.05408
 0.64015   1.79690   1.20927   0.00454  0.00513  0.05845   0.00905   0.00503   0.05439
 0.64741   1.80290   1.20314   0.00439  0.00505  0.05847   0.00927   0.00514   0.05467
 0.65471   1.80938   1.19697   0.00424  0.00497  0.05850   0.00951   0.00526   0.05496
 0.66199   1.81640   1.19081   0.00410  0.00489  0.05853   0.00976   0.00537   0.05528
 0.66913   1.82388   1.18476   0.00399  0.00481  0.05859   0.01001   0.00549   0.05560
 0.67612   1.83177   1.17884   0.00387  0.00475  0.05864   0.01027   0.00560   0.05594
 0.68324   1.84034   1.17283   0.00376  0.00468  0.05872   0.01054   0.00573   0.05630
 0.69111   1.85043   1.16621   0.00363  0.00461  0.05881   0.01085   0.00586   0.05672
 0.70089   1.86387   1.15804   0.00347  0.00452  0.05893   0.01125   0.00604   0.05727
 0.71354   1.88286   1.14752   0.00327  0.00442  0.05912   0.01181   0.00627   0.05802
 0.72782   1.90696   1.13571   0.00304  0.00431  0.05938   0.01248   0.00655   0.05894
 0.74304   1.93598   1.12319   0.00280  0.00421  0.05969   0.01327   0.00686   0.06001
 0.75894   1.97014   1.11026   0.00255  0.00412  0.06006   0.01417   0.00719   0.06121
 0.77505   2.00976   1.09729   0.00230  0.00404  0.06049   0.01519   0.00756   0.06255
 0.79126   2.05486   1.08446   0.00205  0.00398  0.06096   0.01631   0.00794   0.06400
 0.80751   2.10593   1.07192   0.00182  0.00392  0.06148   0.01756   0.00834   0.06555
 0.82376   2.16365   1.05973   0.00159  0.00389  0.06204   0.01895   0.00876   0.06722
 0.84002   2.22823   1.04803   0.00138  0.00386  0.06264   0.02047   0.00918   0.06897
 0.85626   2.30050   1.03689   0.00118  0.00386  0.06327   0.02214   0.00962   0.07081
 0.87251   2.38083   1.02640   0.00099  0.00386  0.06393   0.02397   0.01007   0.07273
 0.88873   2.46972   1.01665   0.00082  0.00388  0.06460   0.02595   0.01051   0.07472
 0.90493   2.56753   1.00769   0.00067  0.00392  0.06530   0.02810   0.01094   0.07675
 0.92105   2.67441   0.99959   0.00054  0.00396  0.06600   0.03039   0.01136   0.07882
 0.93702   2.79032   0.99238   0.00042  0.00402  0.06671   0.03282   0.01176   0.08090
 0.95270   2.91469   0.98611   0.00032  0.00409  0.06742   0.03537   0.01213   0.08298
 0.96771   3.04273   0.98085   0.00023  0.00416  0.06810   0.03792   0.01246   0.08497
 0.98133   3.16549   0.97670   0.00018  0.00424  0.06872   0.04032   0.01274   0.08675
 0.99291   3.27162   0.97362   0.00013  0.00431  0.06925   0.04237   0.01295   0.08822
 0.99935   3.32894   0.97208   0.00011  0.00434  0.06955   0.04348   0.01306   0.08898
 0.99943   3.26073   0.97208   0.00000  0.00669  0.06138   0.04903   0.01504   0.08781
 1.00605   3.18742   0.97015   0.00000  0.00674  0.06179   0.04842   0.01519   0.08788
 1.01349   3.10558   0.96842   0.00000  0.00672  0.06221   0.04761   0.01533   0.08673
 1.02183   3.01672   0.96660   0.00000  0.00670  0.06264   0.04669   0.01548   0.08543
 1.03117   2.92124   0.96472   0.00000  0.00667  0.06308   0.04566   0.01563   0.08395
 1.04164   2.81980   0.96282   0.00000  0.00662  0.06352   0.04450   0.01578   0.08230
 1.05336   2.71316   0.96093   0.00000  0.00655  0.06394   0.04322   0.01593   0.08046
 1.06650   2.60229   0.95913   0.00000  0.00646  0.06433   0.04181   0.01607   0.07841
 1.08122   2.48834   0.95750   0.00000  0.00634  0.06467   0.04029   0.01619   0.07613
 1.09770   2.37264   0.95613   0.00000  0.00620  0.06493   0.03866   0.01630   0.07363
 1.11616   2.25669   0.95511   0.00000  0.00602  0.06509   0.03694   0.01637   0.07089
 1.13684   2.14206   0.95454   0.00000  0.00580  0.06513   0.03516   0.01641   0.06791
 1.16001   2.03032   0.95451   0.00000  0.00555  0.06500   0.03333   0.01641   0.06470
 1.18595   1.92295   0.95508   0.00000  0.00526  0.06470   0.03149   0.01638   0.06127
 1.21500   1.82125   0.95625   0.00000  0.00493  0.06420   0.02968   0.01630   0.05766
 1.24754   1.72620   0.95799   0.00000  0.00456  0.06350   0.02794   0.01619   0.05390
 1.28397   1.63847   0.96023   0.00000  0.00418  0.06259   0.02629   0.01605   0.05003
 1.32478   1.55840   0.96283   0.00000  0.00377  0.06149   0.02477   0.01589   0.04611
 1.37046   1.48601   0.96568   0.00000  0.00336  0.06022   0.02337   0.01573   0.04218
 1.42162   1.42106   0.96865   0.00000  0.00295  0.05880   0.02211   0.01556   0.03831
 1.47890   1.36318   0.97161   0.00000  0.00256  0.05726   0.02100   0.01540   0.03452
 1.54303   1.31189   0.97448   0.00000  0.00219  0.05564   0.02001   0.01525   0.03087
 1.61484   1.26665   0.97721   0.00000  0.00185  0.05397   0.01914   0.01511   0.02739
 1.69522   1.22694   0.97974   0.00000  0.00154  0.05229   0.01839   0.01498   0.02411
 1.78522   1.19225   0.98206   0.00000  0.00127  0.05055   0.01773   0.01487   0.02106
 1.88597   1.16218   0.98414   0.00000  0.00103  0.04871   0.01717   0.01477   0.01825


Bottom Side
    x         Hk     Ue/Vinf      Cf        Cd     A/A0       D*       Theta      CTq
 0.01432   2.22951   0.08709   0.00518  0.00013  0.00000   0.00041   0.00018   0.07170
 0.01793   2.27469   0.20094   0.00938  0.00056  0.00000   0.00050   0.00022   0.07280
 0.02223   2.25807   0.28972   0.01186  0.00101  0.00000   0.00058   0.00026   0.07240
 0.02747   2.31446   0.35952   0.01154  0.00127  0.00000   0.00070   0.00030   0.07373
 0.03387   2.26666   0.42430   0.01298  0.00162  0.00000   0.00077   0.00034   0.07260
 0.04153   2.26958   0.49386   0.01401  0.00205  0.00000   0.00082   0.00036   0.07267
 0.05060   2.31028   0.55490   0.01343  0.00227  0.00000   0.00093   0.00040   0.07363
 0.06133   2.34750   0.60161   0.01212  0.00229  0.00000   0.00108   0.00046   0.07448
 0.07390   2.37819   0.63596   0.01068  0.00219  0.00000   0.00125   0.00053   0.07517
 0.08813   2.35884   0.66671   0.01030  0.00218  0.00000   0.00139   0.00059   0.07474
 0.10319   2.34341   0.69641   0.01013  0.00221  0.00000   0.00150   0.00064   0.07439
 0.11871   2.36091   0.72102   0.00948  0.00217  0.00000   0.00163   0.00069   0.07479
 0.13457   2.37270   0.74101   0.00892  0.00213  0.00000   0.00176   0.00074   0.07505
 0.15063   2.38378   0.75739   0.00840  0.00207  0.00000   0.00189   0.00079   0.07529
 0.16686   2.39566   0.77079   0.00790  0.00200  0.00000   0.00202   0.00084   0.07555
 0.18323   2.40756   0.78176   0.00744  0.00193  0.00000   0.00215   0.00089   0.07581
 0.19974   2.41801   0.79086   0.00702  0.00186  0.00000   0.00228   0.00094   0.07603
 0.21636   2.42714   0.79850   0.00665  0.00180  0.00000   0.00241   0.00099   0.07622
 0.23309   2.43557   0.80497   0.00632  0.00174  0.00000   0.00253   0.00104   0.07640
 0.24993   2.44328   0.81049   0.00602  0.00168  0.00000   0.00265   0.00109   0.07656
 0.26686   2.44858   0.81536   0.00577  0.00163  0.00000   0.00277   0.00113   0.07667
 0.28387   2.45121   0.81980   0.00556  0.00158  0.00000   0.00288   0.00118   0.07673
 0.30091   2.45069   0.82402   0.00540  0.00154  0.00000   0.00299   0.00122   0.07672
 0.31798   2.44438   0.82835   0.00531  0.00151  0.00000   0.00307   0.00126   0.07659
 0.33506   2.43618   0.83280   0.00526  0.00149  0.00000   0.00315   0.00129   0.07641
 0.35216   2.42901   0.83727   0.00521  0.00148  0.00000   0.00322   0.00132   0.07626
 0.36927   2.42326   0.84171   0.00515  0.00146  0.00000   0.00329   0.00136   0.07614
 0.38639   2.41923   0.84604   0.00510  0.00145  0.00000   0.00335   0.00139   0.07606
 0.40351   2.41705   0.85021   0.00503  0.00143  0.00000   0.00342   0.00142   0.07601
 0.42064   2.41605   0.85421   0.00496  0.00142  0.00000   0.00349   0.00145   0.07599
 0.43776   2.41576   0.85804   0.00488  0.00140  0.00000   0.00356   0.00147   0.07598
 0.45489   2.41571   0.86172   0.00481  0.00139  0.00000   0.00363   0.00150   0.07598
 0.47201   2.41554   0.86528   0.00475  0.00138  0.00000   0.00369   0.00153   0.07598
 0.48914   2.41546   0.86871   0.00469  0.00136  0.00000   0.00376   0.00156   0.07598
 0.50627   2.41528   0.87203   0.00463  0.00135  0.00000   0.00382   0.00158   0.07597
 0.52340   2.41452   0.87529   0.00458  0.00134  0.00000   0.00388   0.00161   0.07596
 0.54052   2.41331   0.87850   0.00453  0.00133  0.00000   0.00394   0.00163   0.07593
 0.55765   2.41232   0.88162   0.00449  0.00132  0.00000   0.00400   0.00166   0.07591
 0.57478   2.41128   0.88469   0.00445  0.00131  0.00000   0.00405   0.00168   0.07589
 0.59191   2.41034   0.88769   0.00441  0.00130  0.00000   0.00411   0.00170   0.07587
 0.60904   2.40905   0.89065   0.00437  0.00130  0.00000   0.00416   0.00173   0.07584
 0.62617   2.40765   0.89357   0.00434  0.00129  0.00000   0.00421   0.00175   0.07581
 0.64330   2.40650   0.89644   0.00431  0.00128  0.00000   0.00426   0.00177   0.07578
 0.66042   2.40535   0.89927   0.00428  0.00128  0.00000   0.00430   0.00179   0.07576
 0.67755   2.40412   0.90205   0.00425  0.00127  0.00000   0.00435   0.00181   0.07573
 0.69466   2.40186   0.90487   0.00423  0.00127  0.00000   0.00439   0.00183   0.07568
 0.71178   2.40018   0.90763   0.00421  0.00126  0.00000   0.00444   0.00185   0.07565
 0.72890   2.39811   0.91039   0.00419  0.00126  0.00000   0.00448   0.00187   0.07560
 0.74601   2.39579   0.91316   0.00418  0.00125  0.00000   0.00452   0.00189   0.07555
 0.76313   2.39340   0.91593   0.00417  0.00125  0.00000   0.00456   0.00190   0.07550
 0.78024   2.38998   0.91875   0.00417  0.00125  0.00000   0.00459   0.00192   0.07543
 0.79736   2.38713   0.92155   0.00416  0.00125  0.00000   0.00462   0.00194   0.07536
 0.81447   2.38322   0.92443   0.00416  0.00125  0.00000   0.00465   0.00195   0.07528
 0.83159   2.37927   0.92734   0.00417  0.00125  0.00000   0.00468   0.00197   0.07519
 0.84870   2.37422   0.93036   0.00418  0.00125  0.00000   0.00470   0.00198   0.07508
 0.86581   2.36832   0.93348   0.00421  0.00126  0.00000   0.00472   0.00199   0.07495
 0.88291   2.36197   0.93670   0.00423  0.00126  0.00000   0.00473   0.00200   0.07481
 0.89999   2.35380   0.94012   0.00428  0.00127  0.00000   0.00474   0.00201   0.07463
 0.91702   2.34458   0.94373   0.00433  0.00128  0.00000   0.00474   0.00202   0.07442
 0.93390   2.33240   0.94768   0.00442  0.00130  0.00000   0.00472   0.00202   0.07414
 0.95047   2.31801   0.95194   0.00452  0.00132  0.00000   0.00470   0.00203   0.07381
 0.96628   2.30026   0.95658   0.00466  0.00135  0.00000   0.00466   0.00202   0.07340
 0.98056   2.27780   0.96159   0.00485  0.00139  0.00000   0.00459   0.00202   0.07287
 0.99262   2.25325   0.96666   0.00508  0.00143  0.00000   0.00451   0.00200   0.07228
 0.99930   2.21127   0.97208   0.00548  0.00150  0.00740   0.00437   0.00197   0.06265
 0.99943   3.26073   0.97208   0.00000  0.00669  0.06138   0.04903   0.01504   0.08781
 1.00605   3.18742   0.97015   0.00000  0.00674  0.06179   0.04842   0.01519   0.08788
 1.01349   3.10558   0.96842   0.00000  0.00672  0.06221   0.04761   0.01533   0.08673
 1.02183   3.01672   0.96660   0.00000  0.00670  0.06264   0.04669   0.01548   0.08543
 1.03117   2.92124   0.96472   0.00000  0.00667  0.06308   0.04566   0.01563   0.08395
 1.04164   2.81980   0.96282   0.00000  0.00662  0.06352   0.04450   0.01578   0.08230
 1.05336   2.71316   0.96093   0.00000  0.00655  0.06394   0.04322   0.01593   0.08046
 1.06650   2.60229   0.95913   0.00000  0.00646  0.06433   0.04181   0.01607   0.07841
 1.08122   2.48834   0.95750   0.00000  0.00634  0.06467   0.04029   0.01619   0.07613
 1.09770   2.37264   0.95613   0.00000  0.00620  0.06493   0.03866   0.01630   0.07363
 1.11616   2.25669   0.95511   0.00000  0.00602  0.06509   0.03694   0.01637   0.07089
 1.13684   2.14206   0.95454   0.00000  0.00580  0.06513   0.03516   0.01641   0.06791
 1.16001   2.03032   0.95451   0.00000  0.00555  0.06500   0.03333   0.01641   0.06470
 1.18595   1.92295   0.95508   0.00000  0.00526  0.06470   0.03149   0.01638   0.06127
 1.21500   1.82125   0.95625   0.00000  0.00493  0.06420   0.02968   0.01630   0.05766
 1.24754   1.72620   0.95799   0.00000  0.00456  0.06350   0.02794   0.01619   0.05390
 1.28397   1.63847   0.96023   0.00000  0.00418  0.06259   0.02629   0.01605   0.05003
 1.32478   1.55840   0.96283   0.00000  0.00377  0.06149   0.02477   0.01589   0.04611
 1.37046   1.48601   0.96568   0.00000  0.00336  0.06022   0.02337   0.01573   0.04218
 1.42162   1.42106   0.96865   0.00000  0.00295  0.05880   0.02211   0.01556   0.03831
 1.47890   1.36318   0.97161   0.00000  0.00256  0.05726   0.02100   0.01540   0.03452
 1.54303   1.31189   0.97448   0.00000  0.00219  0.05564   0.02001   0.01525   0.03087
 1.61484   1.26665   0.97721   0.00000  0.00185  0.05397   0.01914   0.01511   0.02739
 1.69522   1.22694   0.97974   0.00000  0.00154  0.05229   0.01839   0.01498   0.02411
 1.78522   1.19225   0.98206   0.00000  0.00127  0.05055   0.01773   0.01487   0.02106
 1.88597   1.16218   0.98414   0.00000  0.00103  0.04871   0.01717   0.01477   0.01825
